Calibration values from cell 0 to 1024 for channel 0:

81	11	25	12	51	4	23	19	cell = 0 to 7
77	-21	56	-23	34	-20	55	-3	cell = 8 to 15
61	-8	72	7	74	-13	71	-20	cell = 16 to 23
31	2	41	3	83	2	46	-15	cell = 24 to 31
3	19	44	15	49	18	41	10	cell = 32 to 39
55	-30	29	-49	31	-12	62	-20	cell = 40 to 47
49	-24	62	13	-10	21	31	31	cell = 48 to 55
22	-7	49	-46	21	1	69	-38	cell = 56 to 63
34	9	37	18	72	-12	30	6	cell = 64 to 71
43	-23	29	-3	48	-15	33	24	cell = 72 to 79
72	24	28	-10	66	-19	65	38	cell = 80 to 87
78	-27	38	-28	53	-11	44	-3	cell = 88 to 95
32	-19	56	21	48	4	38	-14	cell = 96 to 103
67	-4	33	-19	65	24	40	25	cell = 104 to 111
32	16	65	13	51	-45	34	-23	cell = 112 to 119
16	-38	32	-12	26	-34	51	-38	cell = 120 to 127
40	22	42	-3	26	1	41	-26	cell = 128 to 135
37	38	27	-3	105	-32	45	5	cell = 136 to 143
35	-34	55	-8	59	-12	65	-2	cell = 144 to 151
38	-16	19	-4	47	-47	29	12	cell = 152 to 159
67	6	8	-8	58	32	47	17	cell = 160 to 167
20	-29	41	-49	69	-14	59	-29	cell = 168 to 175
55	2	57	0	45	8	58	4	cell = 176 to 183
49	14	49	-6	7	-34	12	10	cell = 184 to 191
27	-6	43	-33	66	1	68	-13	cell = 192 to 199
19	-23	36	-11	47	39	30	16	cell = 200 to 207
54	31	33	1	67	1	25	-8	cell = 208 to 215
28	-19	62	33	81	-30	9	6	cell = 216 to 223
66	-6	55	28	44	-16	70	-5	cell = 224 to 231
17	-63	37	-39	47	-22	50	23	cell = 232 to 239
46	-1	49	22	46	20	30	11	cell = 240 to 247
45	5	19	4	22	-15	37	6	cell = 248 to 255
36	-10	50	-23	41	2	24	-22	cell = 256 to 263
17	21	48	9	5	4	34	4	cell = 264 to 271
85	-13	30	-17	10	-19	29	-22	cell = 272 to 279
39	-11	86	33	26	-4	17	-29	cell = 280 to 287
90	-37	30	-4	26	-52	47	-18	cell = 288 to 295
52	3	41	-26	47	-8	3	-11	cell = 296 to 303
35	-19	-4	9	40	3	9	-30	cell = 304 to 311
49	-9	12	1	48	-33	57	-12	cell = 312 to 319
8	25	46	27	17	-37	28	4	cell = 320 to 327
90	-56	64	-17	68	-21	64	-17	cell = 328 to 335
15	-40	83	-49	74	-14	20	35	cell = 336 to 343
33	-49	-10	-10	53	-20	20	-3	cell = 344 to 351
78	-6	49	-57	42	-2	17	15	cell = 352 to 359
35	-37	18	8	30	-11	46	-21	cell = 360 to 367
43	-44	38	-4	18	-36	18	-30	cell = 368 to 375
27	-19	33	-26	21	10	41	-19	cell = 376 to 383
17	-54	51	7	47	20	60	-32	cell = 384 to 391
47	-19	57	-43	55	6	39	21	cell = 392 to 399
3	-4	14	22	65	-29	27	-9	cell = 400 to 407
38	-51	75	43	41	-9	71	-5	cell = 408 to 415
29	27	24	-22	71	-13	67	30	cell = 416 to 423
25	0	60	-2	25	8	59	6	cell = 424 to 431
38	4	55	-46	36	-20	15	5	cell = 432 to 439
27	18	60	2	30	30	44	8	cell = 440 to 447
43	-48	42	-4	7	-6	20	-7	cell = 448 to 455
2	13	37	-35	42	-15	33	-8	cell = 456 to 463
-1	21	20	54	56	-23	19	-37	cell = 464 to 471
24	-32	-22	28	32	-44	8	1	cell = 472 to 479
21	-18	62	-26	-10	5	50	-13	cell = 480 to 487
41	-13	26	22	36	6	23	-20	cell = 488 to 495
11	-13	-30	-32	-15	-26	-48	-78	cell = 496 to 503
12	-27	14	-41	45	-28	43	21	cell = 504 to 511
-8	-6	-19	23	2	-16	-2	-64	cell = 512 to 519
5	5	-20	-27	-38	-26	-36	14	cell = 520 to 527
-18	-33	-43	-10	-32	-1	-20	-17	cell = 528 to 535
-4	-29	-19	-3	-39	3	-15	-18	cell = 536 to 543
14	6	-47	-27	-32	4	-31	-26	cell = 544 to 551
-19	-3	-62	-18	-44	-33	-27	-22	cell = 552 to 559
-20	-28	-31	-31	17	-48	2	-42	cell = 560 to 567
-13	-13	-12	-82	-65	-12	-19	-14	cell = 568 to 575
7	-8	-34	-8	-6	-47	14	-11	cell = 576 to 583
-43	19	-60	9	-20	6	-32	-51	cell = 584 to 591
-55	-35	-41	10	-47	-8	-20	-20	cell = 592 to 599
-52	-3	-64	-26	-33	-16	-57	-8	cell = 600 to 607
-19	-17	0	-12	-32	-24	-25	-60	cell = 608 to 615
-26	0	-29	-22	-39	25	-22	9	cell = 616 to 623
-13	-15	-53	0	4	-19	-34	-30	cell = 624 to 631
-5	-11	-81	-4	-14	-32	-29	-2	cell = 632 to 639
-10	-29	-33	-40	-19	-38	-27	-10	cell = 640 to 647
-42	-43	-36	-20	-36	-16	-12	21	cell = 648 to 655
-19	-7	5	-20	1	-7	-34	-18	cell = 656 to 663
-53	14	-43	-32	26	-10	-16	-44	cell = 664 to 671
-47	-37	-19	7	9	-24	-24	-7	cell = 672 to 679
3	-21	-32	42	-47	-16	-9	-22	cell = 680 to 687
-52	-5	12	-20	7	-24	-24	-46	cell = 688 to 695
-21	-43	-14	-15	-19	-9	9	-42	cell = 696 to 703
-17	10	-43	-23	-8	-3	-29	13	cell = 704 to 711
-18	-43	16	5	-42	-37	-34	1	cell = 712 to 719
-56	-35	6	-27	10	-28	-16	-26	cell = 720 to 727
-9	-14	-37	-53	-56	-30	-3	-28	cell = 728 to 735
-21	-11	13	22	24	2	-30	2	cell = 736 to 743
1	-26	10	6	-24	3	11	-10	cell = 744 to 751
1	22	-7	-37	-39	-34	-3	1	cell = 752 to 759
18	-9	-42	-9	-44	-47	-26	-12	cell = 760 to 767
-23	-21	8	1	17	-16	15	11	cell = 768 to 775
-3	-2	-45	18	-18	-18	-68	-33	cell = 776 to 783
-43	-45	-32	-20	-6	-36	3	-10	cell = 784 to 791
23	-14	-14	-75	-62	6	-31	0	cell = 792 to 799
-9	-11	-19	-16	-41	-21	-6	-34	cell = 800 to 807
-4	11	-16	16	5	2	-9	-32	cell = 808 to 815
-18	17	-32	-38	-7	-28	-41	-30	cell = 816 to 823
19	-37	-17	-34	-48	35	-60	4	cell = 824 to 831
10	-17	0	-7	-30	-12	2	-2	cell = 832 to 839
18	9	-42	-8	-9	1	-28	29	cell = 840 to 847
1	-7	-15	-12	3	4	-5	-15	cell = 848 to 855
10	29	19	31	-43	-43	13	-60	cell = 856 to 863
-10	-13	5	-31	-19	21	-25	8	cell = 864 to 871
6	-46	7	-11	-38	22	-43	4	cell = 872 to 879
-52	-11	-6	-26	-27	8	-30	-6	cell = 880 to 887
-55	-42	-9	-10	15	-33	-12	-27	cell = 888 to 895
-9	6	-37	0	-10	-28	0	-22	cell = 896 to 903
-25	-34	-22	-23	-56	16	-65	20	cell = 904 to 911
0	1	-32	-7	-12	-5	-25	-19	cell = 912 to 919
-8	-9	-4	-7	27	-34	-23	-50	cell = 920 to 927
-10	-39	-4	5	21	-12	-31	-47	cell = 928 to 935
-7	31	2	-3	1	-44	-25	-11	cell = 936 to 943
-3	-13	-25	-37	-18	37	-7	9	cell = 944 to 951
-24	-8	-19	-17	35	7	28	-33	cell = 952 to 959
0	-36	-12	16	-39	-21	-32	13	cell = 960 to 967
-29	-21	2	-18	17	41	-1	2	cell = 968 to 975
-37	-40	11	-27	-8	-22	-11	-15	cell = 976 to 983
-36	-31	-18	-13	-14	-41	-34	-8	cell = 984 to 991
-3	-7	-17	0	-18	-5	29	1	cell = 992 to 999
-30	-65	24	-2	-13	-4	-25	0	cell = 1000 to 1007
-33	-12	-40	-2	-27	-27	-7	12	cell = 1008 to 1015
0	-24	-15	7	-26	-12	-16	-9	cell = 1016 to 1023
Calibration values from cell 0 to 1024 for channel 1:

56	-11	39	-25	30	-33	89	-8	cell = 0 to 7
28	4	-8	-41	106	-23	94	-32	cell = 8 to 15
53	-28	47	9	26	-43	65	-1	cell = 16 to 23
26	-19	64	-4	39	19	62	-11	cell = 24 to 31
72	11	33	-3	67	-1	69	14	cell = 32 to 39
59	23	38	3	58	7	28	-12	cell = 40 to 47
44	-6	36	-29	57	-50	65	-57	cell = 48 to 55
51	0	15	-37	53	-15	41	-9	cell = 56 to 63
26	8	78	-26	30	18	18	4	cell = 64 to 71
60	-21	33	-36	13	9	41	9	cell = 72 to 79
32	-22	69	-30	73	27	41	-16	cell = 80 to 87
25	23	39	-8	44	13	48	-2	cell = 88 to 95
68	1	38	24	22	-34	59	13	cell = 96 to 103
40	2	66	-20	59	-5	83	-1	cell = 104 to 111
63	23	43	17	49	-5	43	-18	cell = 112 to 119
45	22	52	-23	63	-33	30	-25	cell = 120 to 127
76	14	31	9	51	-1	8	-32	cell = 128 to 135
72	20	9	48	51	9	16	8	cell = 136 to 143
22	19	59	-22	46	11	48	-4	cell = 144 to 151
68	8	42	-19	31	23	47	17	cell = 152 to 159
57	9	17	-32	15	31	52	-22	cell = 160 to 167
36	-28	39	-2	65	-10	45	40	cell = 168 to 175
7	11	19	-19	57	1	78	-10	cell = 176 to 183
35	32	29	20	64	-25	34	13	cell = 184 to 191
75	6	8	23	42	21	58	-12	cell = 192 to 199
24	10	36	34	7	17	22	30	cell = 200 to 207
58	-1	46	-33	40	-22	50	-8	cell = 208 to 215
-2	-32	46	-2	34	-19	44	16	cell = 216 to 223
21	-32	49	-40	63	23	40	-18	cell = 224 to 231
34	-15	55	10	36	58	49	19	cell = 232 to 239
29	18	43	-5	65	-16	16	-13	cell = 240 to 247
35	-17	40	-9	54	20	23	-23	cell = 248 to 255
46	17	32	0	7	25	13	-16	cell = 256 to 263
48	3	16	15	39	0	19	-13	cell = 264 to 271
86	17	30	-21	7	-36	34	5	cell = 272 to 279
3	-26	69	-21	59	-20	19	-8	cell = 280 to 287
37	-20	72	-7	68	-20	59	-42	cell = 288 to 295
17	15	42	-46	37	-17	29	-6	cell = 296 to 303
24	24	96	-18	48	-10	21	-20	cell = 304 to 311
22	-28	62	-40	-28	-6	32	37	cell = 312 to 319
63	6	38	-32	31	3	41	-37	cell = 320 to 327
68	-13	62	-45	49	-20	55	-27	cell = 328 to 335
90	10	32	-44	61	-19	43	-13	cell = 336 to 343
52	-52	62	9	60	10	24	-30	cell = 344 to 351
63	4	12	-40	35	-32	67	-16	cell = 352 to 359
20	6	18	-32	59	-22	2	-62	cell = 360 to 367
66	-10	64	-22	60	-4	47	17	cell = 368 to 375
48	0	53	-37	60	-18	31	1	cell = 376 to 383
51	-25	44	-4	18	15	51	-16	cell = 384 to 391
38	-31	24	3	76	-13	4	-18	cell = 392 to 399
79	15	58	-22	53	-12	26	1	cell = 400 to 407
68	-29	13	-25	65	-10	45	8	cell = 408 to 415
47	31	15	-10	80	-2	61	-7	cell = 416 to 423
22	14	40	14	21	-41	-17	-17	cell = 424 to 431
77	-13	33	20	38	1	60	16	cell = 432 to 439
55	-14	-43	-26	19	-30	69	-35	cell = 440 to 447
50	-15	48	-15	33	0	47	16	cell = 448 to 455
-4	3	30	32	52	-28	58	16	cell = 456 to 463
64	4	28	-25	58	0	54	16	cell = 464 to 471
23	-20	34	8	22	-26	66	13	cell = 472 to 479
3	-5	25	19	96	13	51	-27	cell = 480 to 487
33	-15	36	8	17	-23	19	-9	cell = 488 to 495
40	-21	-35	-77	-63	-70	-31	-92	cell = 496 to 503
17	-11	31	5	50	13	17	-7	cell = 504 to 511
-46	13	7	-2	-11	-48	20	-5	cell = 512 to 519
-31	-36	-48	-16	-61	-18	-32	2	cell = 520 to 527
-31	-40	-56	-34	-17	-22	-6	11	cell = 528 to 535
-30	3	-35	-27	-10	-41	-15	1	cell = 536 to 543
-43	-19	-31	-40	-39	0	-41	1	cell = 544 to 551
-44	-13	-16	-15	-29	16	-31	-28	cell = 552 to 559
-42	-24	-34	-22	3	-17	-54	-19	cell = 560 to 567
-78	-36	-33	-33	-16	-17	-4	4	cell = 568 to 575
2	-28	-73	-16	22	-47	-63	-29	cell = 576 to 583
1	-5	-14	-26	13	-21	-19	-27	cell = 584 to 591
6	48	-35	-7	-34	-20	-25	-44	cell = 592 to 599
-32	-19	-15	12	-19	-14	-33	41	cell = 600 to 607
-11	-18	-23	8	-23	27	-31	16	cell = 608 to 615
-29	3	-12	-16	-37	-2	-29	-31	cell = 616 to 623
-5	-10	-11	-32	11	-34	-62	-26	cell = 624 to 631
-10	-30	-64	-18	7	-38	-40	-43	cell = 632 to 639
-61	9	-11	15	0	17	-32	-42	cell = 640 to 647
-20	5	-44	-16	-22	-24	0	0	cell = 648 to 655
-63	-38	-19	4	-5	-8	-10	-3	cell = 656 to 663
-28	-43	-12	-5	-26	-3	-23	-25	cell = 664 to 671
-24	8	-10	-11	-23	-38	-13	-11	cell = 672 to 679
-13	4	-43	-43	-4	2	-5	-17	cell = 680 to 687
1	-12	-41	-68	-25	-23	-6	-17	cell = 688 to 695
-14	-45	-22	-27	-17	-4	-48	-14	cell = 696 to 703
-12	8	-44	-20	-60	13	-12	33	cell = 704 to 711
-19	-25	-39	-41	13	-50	-7	-19	cell = 712 to 719
-50	4	-42	-33	1	-22	-41	0	cell = 720 to 727
-12	-18	-10	0	0	-75	-15	2	cell = 728 to 735
-42	4	-37	14	16	30	-56	-47	cell = 736 to 743
-47	-58	-9	4	-9	-20	-9	21	cell = 744 to 751
-13	-19	9	14	20	-2	-38	0	cell = 752 to 759
-40	-10	-53	-53	-41	-5	-45	7	cell = 760 to 767
-26	-24	-7	-11	-30	-12	-43	20	cell = 768 to 775
-21	-57	-53	7	-53	-42	-28	6	cell = 776 to 783
1	-23	18	36	-40	-23	-12	3	cell = 784 to 791
-41	-38	-23	-55	15	-19	-17	-33	cell = 792 to 799
-22	45	-25	16	-12	5	-77	-28	cell = 800 to 807
13	-37	-2	-27	-44	7	-2	-13	cell = 808 to 815
-48	-61	-31	-11	-33	-44	-9	-11	cell = 816 to 823
-17	9	-36	-56	-73	-6	17	-46	cell = 824 to 831
-41	-20	16	-37	12	-12	0	-68	cell = 832 to 839
3	-20	-33	1	-18	-23	0	2	cell = 840 to 847
-51	20	-38	-31	-10	-47	-51	1	cell = 848 to 855
14	32	28	15	-13	2	-44	0	cell = 856 to 863
-52	-57	5	-19	-31	-15	-13	8	cell = 864 to 871
14	-35	-45	-7	-35	-32	-11	-8	cell = 872 to 879
-16	12	-46	-13	-17	3	-52	28	cell = 880 to 887
-40	-21	-44	-19	-60	-8	23	13	cell = 888 to 895
18	-25	-5	-22	-60	-7	-44	18	cell = 896 to 903
8	-62	-23	40	35	-50	16	5	cell = 904 to 911
4	-20	3	-23	-41	10	-7	-20	cell = 912 to 919
0	-33	-42	13	5	-20	7	8	cell = 920 to 927
22	8	18	13	-26	34	-14	-27	cell = 928 to 935
-15	33	-35	-11	-5	-3	-33	6	cell = 936 to 943
-12	-26	18	-36	-4	-59	-15	-5	cell = 944 to 951
-21	-17	-50	-20	29	-46	-56	-43	cell = 952 to 959
22	-17	-32	2	-38	1	-49	-35	cell = 960 to 967
12	-48	23	4	-3	3	23	-28	cell = 968 to 975
22	-13	-33	8	-40	24	-9	-24	cell = 976 to 983
-6	-48	-26	-10	0	-5	-47	-5	cell = 984 to 991
8	-9	-29	-25	10	-33	-3	33	cell = 992 to 999
-5	2	-1	-17	-28	-47	-17	1	cell = 1000 to 1007
0	-8	-22	14	4	8	-32	-25	cell = 1008 to 1015
-24	-18	-11	-29	-20	-40	-58	-45	cell = 1016 to 1023
Calibration values from cell 0 to 1024 for channel 2:

61	-17	4	-33	49	0	93	30	cell = 0 to 7
27	41	73	-13	23	-7	42	28	cell = 8 to 15
50	-30	76	5	31	-6	35	-27	cell = 16 to 23
26	-47	82	20	35	10	40	-36	cell = 24 to 31
98	-31	42	-60	70	10	51	-50	cell = 32 to 39
38	0	52	0	51	-30	17	-24	cell = 40 to 47
29	-13	9	8	31	3	88	-5	cell = 48 to 55
36	-30	50	-23	17	-21	36	-9	cell = 56 to 63
32	-15	52	-51	39	-19	69	-11	cell = 64 to 71
30	-5	7	-10	34	6	57	-13	cell = 72 to 79
34	-20	57	-31	37	14	55	-21	cell = 80 to 87
55	-31	46	-34	47	-14	57	-13	cell = 88 to 95
58	-3	31	-11	28	15	45	-14	cell = 96 to 103
62	3	34	4	55	-15	27	10	cell = 104 to 111
65	-6	45	48	65	4	77	-17	cell = 112 to 119
43	-41	45	-28	51	22	34	-46	cell = 120 to 127
47	3	96	1	65	32	8	3	cell = 128 to 135
73	19	53	25	24	-32	49	30	cell = 136 to 143
44	-8	88	16	7	46	14	12	cell = 144 to 151
26	31	53	-12	27	3	40	0	cell = 152 to 159
41	-15	16	-22	62	-26	55	-10	cell = 160 to 167
34	19	51	-6	18	-14	53	-25	cell = 168 to 175
50	8	12	-2	6	-17	58	-16	cell = 176 to 183
-1	3	29	-15	87	-8	53	13	cell = 184 to 191
69	-13	20	-1	2	-5	31	-36	cell = 192 to 199
74	-8	-4	-10	27	-37	26	-10	cell = 200 to 207
64	21	21	-30	49	-21	-7	12	cell = 208 to 215
38	12	31	-13	-4	-8	42	27	cell = 216 to 223
34	-32	58	-11	52	-30	36	-18	cell = 224 to 231
44	-26	43	7	50	4	71	-32	cell = 232 to 239
30	24	33	33	83	-27	26	4	cell = 240 to 247
57	-2	26	21	28	-15	-16	-14	cell = 248 to 255
62	13	52	8	48	19	22	-40	cell = 256 to 263
42	-18	37	29	17	-14	29	-10	cell = 264 to 271
20	-2	46	-12	21	-15	-12	-24	cell = 272 to 279
44	-13	29	-28	20	-21	65	-41	cell = 280 to 287
40	16	104	-8	39	1	24	-19	cell = 288 to 295
58	9	49	11	5	11	32	-23	cell = 296 to 303
47	51	68	7	42	-22	45	-21	cell = 304 to 311
59	-49	39	-12	48	8	42	7	cell = 312 to 319
39	16	68	12	49	-17	13	-14	cell = 320 to 327
24	10	18	6	20	-14	35	29	cell = 328 to 335
60	-53	3	-24	35	-10	-4	12	cell = 336 to 343
3	-27	55	1	8	-48	20	-4	cell = 344 to 351
60	52	28	-23	18	9	46	-2	cell = 352 to 359
17	-13	52	26	47	-26	67	-5	cell = 360 to 367
33	14	94	-25	11	16	57	-45	cell = 368 to 375
40	-35	49	8	27	-45	23	-13	cell = 376 to 383
24	-2	26	-16	78	3	15	4	cell = 384 to 391
38	-19	61	-1	47	-47	34	-32	cell = 392 to 399
13	-11	52	3	50	-18	33	-68	cell = 400 to 407
23	-11	33	-13	33	-17	6	11	cell = 408 to 415
17	-18	27	-34	50	-21	58	-38	cell = 416 to 423
25	-28	27	-25	46	-31	45	28	cell = 424 to 431
27	-34	48	3	61	-6	38	-30	cell = 432 to 439
48	-18	29	-26	59	-31	32	16	cell = 440 to 447
52	33	12	3	44	8	9	-4	cell = 448 to 455
81	26	50	-29	13	4	47	-14	cell = 456 to 463
40	-9	60	-18	69	-13	16	-16	cell = 464 to 471
40	-28	67	0	41	-22	32	-30	cell = 472 to 479
34	-14	41	6	32	3	11	-32	cell = 480 to 487
20	7	37	17	-25	-5	43	-40	cell = 488 to 495
-1	-12	-56	-71	-44	-108	-36	-87	cell = 496 to 503
16	-22	12	-34	-8	7	28	-16	cell = 504 to 511
-8	-35	11	-36	2	-63	-31	-16	cell = 512 to 519
-73	-23	3	-19	-29	-32	-6	-16	cell = 520 to 527
17	-15	-23	22	-33	29	-28	-39	cell = 528 to 535
-36	1	22	5	-57	0	-24	-22	cell = 536 to 543
-28	-12	-36	-20	-53	-40	-1	-9	cell = 544 to 551
10	-19	-36	-14	7	-5	-11	-42	cell = 552 to 559
-26	-3	-49	-22	-11	21	9	-15	cell = 560 to 567
-37	-12	-64	-33	9	15	-15	-11	cell = 568 to 575
-9	-42	-35	28	-10	-20	31	-35	cell = 576 to 583
7	-18	-48	27	13	-3	-70	-34	cell = 584 to 591
-34	-29	-54	-63	-5	-31	-62	-28	cell = 592 to 599
-37	21	-64	-16	-4	-51	-19	-21	cell = 600 to 607
-22	-44	4	-18	-19	-5	-8	-16	cell = 608 to 615
-4	-18	2	-7	-8	1	-16	-40	cell = 616 to 623
-37	-39	-6	9	7	-19	-36	23	cell = 624 to 631
8	-3	-14	-16	9	-15	-36	-13	cell = 632 to 639
-21	-27	7	-1	13	28	-59	-66	cell = 640 to 647
-14	3	-36	13	17	-63	-13	31	cell = 648 to 655
-13	20	-6	-7	11	-38	-13	-4	cell = 656 to 663
-41	10	-15	-42	-21	-39	-16	0	cell = 664 to 671
-11	4	-3	-49	-42	-53	-29	7	cell = 672 to 679
-11	-49	20	-46	-14	12	-57	-37	cell = 680 to 687
17	-3	50	-12	-9	19	5	12	cell = 688 to 695
-63	13	-38	-24	-53	-21	-7	-2	cell = 696 to 703
-59	11	7	-3	-10	12	4	-21	cell = 704 to 711
1	-17	-42	-2	-57	-13	-28	-43	cell = 712 to 719
-71	-6	16	16	-46	-24	-27	0	cell = 720 to 727
-24	-68	-42	-11	-20	-1	-20	-12	cell = 728 to 735
-17	-40	-40	-40	-26	16	-13	-6	cell = 736 to 743
-21	-39	-11	32	23	-7	-7	-21	cell = 744 to 751
-47	-3	-11	-15	-10	-15	13	-24	cell = 752 to 759
-69	6	-45	-8	-14	-19	-30	-8	cell = 760 to 767
-25	-20	20	0	-38	-32	-12	-49	cell = 768 to 775
-26	10	-20	-38	-24	-11	-15	-10	cell = 776 to 783
-6	-29	-5	2	-7	-8	-26	-31	cell = 784 to 791
-41	-7	-26	-7	7	-31	-13	-6	cell = 792 to 799
-56	-27	-60	-26	5	18	21	-44	cell = 800 to 807
-39	4	1	-34	-18	-50	-5	5	cell = 808 to 815
-31	-37	-1	-2	15	-7	-22	-20	cell = 816 to 823
-9	12	-10	-22	-2	-12	-17	-21	cell = 824 to 831
-37	0	-4	-50	-2	-7	-16	-11	cell = 832 to 839
-26	14	-22	21	-31	-10	24	15	cell = 840 to 847
-7	-24	18	-11	-28	3	-64	-7	cell = 848 to 855
11	-28	-8	47	33	3	33	6	cell = 856 to 863
-51	-13	-10	5	-36	9	-6	-19	cell = 864 to 871
5	-24	-19	-51	-26	-4	-24	-27	cell = 872 to 879
-67	28	-13	-3	-5	2	-20	31	cell = 880 to 887
-55	7	-7	21	-10	-40	-16	15	cell = 888 to 895
6	-7	-1	-26	-16	7	-32	-50	cell = 896 to 903
-20	-42	-49	-26	5	-16	-39	15	cell = 904 to 911
-4	-6	-11	-20	-30	-5	4	9	cell = 912 to 919
-17	2	-16	-19	-8	-16	21	37	cell = 920 to 927
-30	-22	11	-46	4	-5	6	-43	cell = 928 to 935
-22	8	-21	-46	-16	-38	-50	0	cell = 936 to 943
-18	2	11	-14	-41	10	-11	-39	cell = 944 to 951
-69	32	-17	-63	-10	3	5	3	cell = 952 to 959
-28	-46	-3	-6	-29	5	4	-6	cell = 960 to 967
-19	-6	-43	25	-15	15	-36	0	cell = 968 to 975
-41	-30	-29	-15	-31	-2	-1	6	cell = 976 to 983
-16	-20	18	-2	-26	2	11	-25	cell = 984 to 991
-23	1	-2	-2	-19	11	-3	-26	cell = 992 to 999
-9	8	-14	-33	28	6	-15	28	cell = 1000 to 1007
3	3	-7	1	-43	-8	-28	-44	cell = 1008 to 1015
-20	2	1	-1	-46	19	-4	-2	cell = 1016 to 1023
Calibration values from cell 0 to 1024 for channel 3:

8	-10	65	9	14	6	58	1	cell = 0 to 7
44	-14	21	23	53	-6	43	1	cell = 8 to 15
62	1	28	9	35	3	85	2	cell = 16 to 23
94	18	80	-14	75	-4	36	-29	cell = 24 to 31
47	-9	65	3	35	-19	34	21	cell = 32 to 39
44	18	53	-2	31	-17	63	-13	cell = 40 to 47
36	11	49	19	70	5	-17	-4	cell = 48 to 55
30	4	59	-18	48	-28	33	-27	cell = 56 to 63
92	-32	103	24	43	-31	62	-4	cell = 64 to 71
12	6	29	-14	-2	7	59	27	cell = 72 to 79
67	13	45	7	47	17	29	0	cell = 80 to 87
34	9	50	7	36	11	22	-38	cell = 88 to 95
48	39	81	-10	47	6	73	22	cell = 96 to 103
71	2	51	33	39	-14	48	3	cell = 104 to 111
37	-9	74	32	50	-2	22	0	cell = 112 to 119
23	-47	51	-37	4	8	39	-10	cell = 120 to 127
92	8	55	-21	76	-11	37	14	cell = 128 to 135
47	34	42	-13	38	-28	33	2	cell = 136 to 143
30	13	84	-12	11	-26	49	-37	cell = 144 to 151
37	-34	22	-14	77	17	51	-18	cell = 152 to 159
14	-15	24	-26	14	7	71	12	cell = 160 to 167
24	20	18	-44	47	12	49	-22	cell = 168 to 175
49	15	32	-15	93	-6	93	17	cell = 176 to 183
65	-14	34	-5	73	29	36	0	cell = 184 to 191
46	29	41	10	47	-31	89	-18	cell = 192 to 199
11	-24	27	-32	35	-26	41	-16	cell = 200 to 207
22	-12	60	-26	68	-6	2	7	cell = 208 to 215
21	11	42	6	46	20	61	-19	cell = 216 to 223
63	-4	73	0	54	14	17	-16	cell = 224 to 231
16	-48	52	-10	48	0	27	-6	cell = 232 to 239
58	-5	13	34	70	-6	11	-5	cell = 240 to 247
-1	27	25	-29	38	-22	63	14	cell = 248 to 255
69	7	90	-24	30	47	28	-5	cell = 256 to 263
18	-6	33	13	44	34	12	-50	cell = 264 to 271
36	-10	53	31	30	-9	22	0	cell = 272 to 279
24	-28	63	-21	53	-33	46	-58	cell = 280 to 287
93	-3	25	-63	66	21	30	-34	cell = 288 to 295
23	15	48	21	74	-39	75	-3	cell = 296 to 303
51	-24	24	-2	66	8	53	-23	cell = 304 to 311
55	16	-32	-31	79	-15	55	18	cell = 312 to 319
51	-3	80	2	58	-6	72	-38	cell = 320 to 327
-8	-22	64	-8	46	22	31	-22	cell = 328 to 335
52	-18	53	-23	12	16	55	11	cell = 336 to 343
17	17	75	-29	39	-19	33	16	cell = 344 to 351
51	-38	30	21	32	10	64	-44	cell = 352 to 359
14	-22	39	7	18	6	35	-11	cell = 360 to 367
33	12	41	-38	54	-37	46	-36	cell = 368 to 375
15	-21	50	-18	25	17	49	2	cell = 376 to 383
48	18	50	-4	47	23	21	-37	cell = 384 to 391
86	-23	56	-49	32	16	30	-34	cell = 392 to 399
44	35	45	2	2	21	53	-22	cell = 400 to 407
40	-10	32	-40	20	-2	53	-5	cell = 408 to 415
53	12	59	-6	26	-14	29	-38	cell = 416 to 423
53	11	49	-8	19	-22	56	-62	cell = 424 to 431
37	8	36	-17	42	9	58	-34	cell = 432 to 439
35	18	50	-3	26	2	36	43	cell = 440 to 447
78	16	39	7	75	-19	40	-11	cell = 448 to 455
38	-17	47	-57	-8	-36	51	-23	cell = 456 to 463
36	2	67	31	48	-13	63	-17	cell = 464 to 471
53	-41	62	-23	19	-55	73	3	cell = 472 to 479
34	-62	34	15	27	-2	24	3	cell = 480 to 487
-3	-30	-1	-25	70	3	23	-18	cell = 488 to 495
58	15	-33	-78	-45	-58	-17	-100	cell = 496 to 503
22	-16	39	-13	14	-40	15	-17	cell = 504 to 511
11	1	-32	-11	-40	-28	-31	-17	cell = 512 to 519
0	6	-19	-25	-28	-8	-25	-6	cell = 520 to 527
-55	-11	-44	19	15	-45	-13	-20	cell = 528 to 535
-54	-50	-29	-65	-12	-44	2	-2	cell = 536 to 543
-30	-15	-2	-41	-21	7	-44	-43	cell = 544 to 551
-28	-38	-11	10	-36	9	-23	-13	cell = 552 to 559
-20	15	-37	-34	-16	27	-1	17	cell = 560 to 567
-42	9	-54	-18	-18	18	-27	-13	cell = 568 to 575
-14	-37	-20	-23	-33	-17	-49	-41	cell = 576 to 583
-11	-2	-24	-55	12	-21	-20	-6	cell = 584 to 591
-63	-6	-33	-3	-4	-15	-38	-26	cell = 592 to 599
-78	-37	-33	-7	-48	-42	-41	0	cell = 600 to 607
-42	6	6	-65	-24	0	-34	20	cell = 608 to 615
-13	-38	-40	19	-23	34	0	7	cell = 616 to 623
-19	-9	-15	14	-1	-50	-53	-30	cell = 624 to 631
1	-34	-14	-43	-6	-21	-34	-25	cell = 632 to 639
-30	-4	-3	-30	-20	-23	4	-43	cell = 640 to 647
-14	-92	-48	-20	7	-28	-23	-18	cell = 648 to 655
-8	-29	3	-17	-16	-43	-4	6	cell = 656 to 663
-21	-9	-26	-39	-13	-34	8	-50	cell = 664 to 671
-9	11	-49	-11	-30	17	-17	-25	cell = 672 to 679
-30	4	13	-18	0	-16	-43	-13	cell = 680 to 687
-36	32	10	5	-53	-43	-22	3	cell = 688 to 695
-39	-21	-27	-51	-4	-23	14	0	cell = 696 to 703
-16	-3	-41	18	12	-24	-15	-53	cell = 704 to 711
-41	8	-9	-11	-2	19	-64	-35	cell = 712 to 719
-19	-9	-44	-12	-16	-27	24	-20	cell = 720 to 727
-13	-11	-30	-15	-8	-22	-47	-4	cell = 728 to 735
-44	8	-14	-27	-30	-13	-18	-26	cell = 736 to 743
-15	-65	-35	8	-17	-11	-20	20	cell = 744 to 751
13	21	-66	-15	-37	14	-15	-11	cell = 752 to 759
-60	-13	-11	-27	-28	18	-16	25	cell = 760 to 767
-20	-18	4	-42	-41	1	-14	-33	cell = 768 to 775
-6	2	-31	13	-35	-29	1	-57	cell = 776 to 783
-14	-33	-20	-18	25	10	-55	-23	cell = 784 to 791
-4	12	-2	-16	-47	10	5	10	cell = 792 to 799
-12	-21	-63	33	-40	-13	5	-43	cell = 800 to 807
-30	-13	-1	-32	-63	-16	-22	-51	cell = 808 to 815
-3	-19	-40	-28	-14	35	-5	-10	cell = 816 to 823
-7	-26	-33	-11	-15	-9	-10	-3	cell = 824 to 831
-35	22	8	-27	-18	-17	-22	-32	cell = 832 to 839
13	-12	-54	-8	-21	-27	-39	-31	cell = 840 to 847
-6	50	-14	6	-25	9	-35	-11	cell = 848 to 855
-6	-23	-21	-44	2	-10	-25	-18	cell = 856 to 863
-20	-28	-18	-25	-3	-2	-63	-36	cell = 864 to 871
-7	-33	-18	-21	-23	-9	-10	20	cell = 872 to 879
-12	7	-26	6	-3	-29	0	-13	cell = 880 to 887
-32	20	-14	-34	7	-26	-29	-11	cell = 888 to 895
43	-6	-41	34	0	31	-11	-38	cell = 896 to 903
-26	2	-6	-12	-32	8	-29	-22	cell = 904 to 911
-12	-10	-12	-13	-89	1	12	-20	cell = 912 to 919
-12	-3	-77	-10	-18	5	40	-9	cell = 920 to 927
-11	-39	-28	-25	-8	17	1	-35	cell = 928 to 935
-22	-9	-55	-7	9	-18	10	-25	cell = 936 to 943
-26	-34	2	11	-14	-3	-46	-48	cell = 944 to 951
2	-1	-52	-2	3	-24	-56	-25	cell = 952 to 959
-57	-14	-3	-17	-22	-15	30	-27	cell = 960 to 967
-20	5	-43	-40	-15	-12	-41	-29	cell = 968 to 975
-21	-6	-62	-29	-32	-53	-21	5	cell = 976 to 983
-51	-28	-14	-16	-44	-35	4	11	cell = 984 to 991
-46	4	25	-42	-51	4	-39	-3	cell = 992 to 999
-20	-34	-52	-37	1	-24	-38	-1	cell = 1000 to 1007
-44	13	5	13	-51	-26	-6	-31	cell = 1008 to 1015
20	-8	-47	11	-26	-25	-66	-6	cell = 1016 to 1023
Calibration values from cell 0 to 1024 for channel 4:

94	6	75	19	47	-31	47	6	cell = 0 to 7
66	-3	60	-9	36	-15	29	-13	cell = 8 to 15
47	27	34	8	45	9	32	-5	cell = 16 to 23
12	-14	55	-33	15	54	70	-13	cell = 24 to 31
32	2	19	6	35	-15	29	-8	cell = 32 to 39
14	-23	51	-16	65	0	47	-11	cell = 40 to 47
39	-30	60	-4	69	10	71	-19	cell = 48 to 55
50	-43	51	-32	45	-6	68	2	cell = 56 to 63
18	18	49	-30	85	1	36	-39	cell = 64 to 71
35	-13	64	-24	55	-23	34	-12	cell = 72 to 79
20	6	62	-3	19	21	42	-8	cell = 80 to 87
35	-16	22	-6	55	-2	63	-6	cell = 88 to 95
35	11	60	-20	24	-7	48	-10	cell = 96 to 103
53	11	73	-45	69	3	42	18	cell = 104 to 111
59	36	59	-9	67	31	78	-30	cell = 112 to 119
56	-9	35	-15	32	-3	46	-9	cell = 120 to 127
37	15	71	-26	52	16	22	-11	cell = 128 to 135
9	13	39	33	-9	-37	13	24	cell = 136 to 143
53	-8	60	-37	34	4	47	7	cell = 144 to 151
8	-26	54	-9	20	-5	92	42	cell = 152 to 159
53	12	49	7	9	-22	26	18	cell = 160 to 167
77	-32	24	-18	44	-6	18	8	cell = 168 to 175
57	11	40	29	34	-16	45	6	cell = 176 to 183
13	7	6	19	16	-11	12	-38	cell = 184 to 191
48	8	65	-6	72	-15	51	-8	cell = 192 to 199
35	39	63	-32	51	-8	24	-26	cell = 200 to 207
61	-46	28	-10	22	-8	82	20	cell = 208 to 215
19	36	79	-12	34	23	52	8	cell = 216 to 223
76	-21	20	-7	46	0	35	-27	cell = 224 to 231
28	-45	56	45	34	-42	43	-28	cell = 232 to 239
58	-26	35	-17	35	-27	40	23	cell = 240 to 247
61	-7	23	-16	51	-19	56	0	cell = 248 to 255
74	7	63	13	26	-19	59	-41	cell = 256 to 263
9	-11	57	2	87	-51	54	-26	cell = 264 to 271
29	-33	42	-16	53	-20	22	-8	cell = 272 to 279
84	-12	49	9	91	-11	25	3	cell = 280 to 287
4	-47	63	-28	23	-63	1	-20	cell = 288 to 295
-16	-18	5	-29	52	-3	82	0	cell = 296 to 303
52	-17	24	14	44	7	17	-15	cell = 304 to 311
16	-8	32	-28	41	-24	28	-28	cell = 312 to 319
48	-32	53	-36	52	-11	34	-14	cell = 320 to 327
62	-26	24	16	60	-23	23	-39	cell = 328 to 335
64	24	66	-18	64	-9	68	-23	cell = 336 to 343
-11	-28	20	-18	55	25	7	36	cell = 344 to 351
32	7	27	-2	40	9	20	21	cell = 352 to 359
25	12	65	23	60	7	89	-32	cell = 360 to 367
43	-2	42	12	55	29	26	-12	cell = 368 to 375
30	-12	40	-28	84	-19	81	3	cell = 376 to 383
48	-41	51	-19	72	-23	50	-24	cell = 384 to 391
56	-12	50	-2	55	-10	23	8	cell = 392 to 399
52	-9	37	-9	-7	11	21	3	cell = 400 to 407
27	1	58	-14	41	-9	-4	-4	cell = 408 to 415
54	8	37	-14	36	-36	5	-59	cell = 416 to 423
-15	-22	5	12	80	-14	26	-23	cell = 424 to 431
35	-20	36	26	61	-49	46	4	cell = 432 to 439
51	3	67	7	34	-8	23	-1	cell = 440 to 447
60	33	47	-5	49	-22	28	-23	cell = 448 to 455
-2	7	-11	-25	18	6	5	33	cell = 456 to 463
89	4	45	10	36	-15	46	-17	cell = 464 to 471
32	-8	13	-37	-8	-55	40	16	cell = 472 to 479
31	-15	18	-16	36	-32	16	2	cell = 480 to 487
-3	-24	26	24	20	-9	43	21	cell = 488 to 495
51	11	5	-81	-23	-51	-53	-87	cell = 496 to 503
8	-3	2	-4	12	-18	47	-26	cell = 504 to 511
13	0	-22	-4	12	8	-22	6	cell = 512 to 519
-9	-13	-43	-50	-26	-18	17	-33	cell = 520 to 527
-61	-33	-28	-37	7	-15	-35	-59	cell = 528 to 535
25	28	-25	-11	-43	-28	-26	-24	cell = 536 to 543
-11	-31	16	-7	-27	-15	-48	-25	cell = 544 to 551
7	0	-77	-3	-62	-1	-82	-27	cell = 552 to 559
-28	-28	-2	-5	-34	18	-29	-31	cell = 560 to 567
-32	-42	-26	-10	-29	-11	16	-19	cell = 568 to 575
6	-42	-2	-43	-50	22	-6	-48	cell = 576 to 583
-26	-7	-44	11	8	-57	-40	-35	cell = 584 to 591
-52	-1	-9	-15	0	-32	20	8	cell = 592 to 599
-19	-26	-27	-36	-38	-12	-43	-16	cell = 600 to 607
-32	-38	-29	-45	-10	-21	-8	-36	cell = 608 to 615
-2	-10	-45	-49	29	-3	-2	-65	cell = 616 to 623
-23	-29	-18	-29	-4	-43	4	8	cell = 624 to 631
-40	-32	-56	-15	10	-39	-45	-42	cell = 632 to 639
-44	-34	-8	-1	-19	-11	-44	-48	cell = 640 to 647
-66	-33	-4	-5	-33	-18	-31	7	cell = 648 to 655
-14	-23	-39	-7	5	-28	-27	-25	cell = 656 to 663
28	-61	-57	12	-3	5	-8	32	cell = 664 to 671
-24	-7	-16	8	-8	-11	-27	-29	cell = 672 to 679
-20	6	-46	-28	-1	-21	-18	-42	cell = 680 to 687
2	17	16	36	-30	-14	-13	-47	cell = 688 to 695
-10	7	-23	0	-5	13	-47	-41	cell = 696 to 703
20	-35	-4	-38	-27	-10	-21	-39	cell = 704 to 711
-4	7	0	30	12	11	-21	-23	cell = 712 to 719
-41	-2	35	-43	-16	-2	-71	-48	cell = 720 to 727
24	5	4	-19	-40	39	37	-73	cell = 728 to 735
-26	-44	-45	15	-41	1	-27	2	cell = 736 to 743
-24	-45	-36	-12	-22	-3	15	-7	cell = 744 to 751
-4	-5	3	-2	-19	-16	-30	4	cell = 752 to 759
-4	-13	-15	9	-33	-15	-16	-31	cell = 760 to 767
-25	-5	-47	-20	-40	-40	-39	-26	cell = 768 to 775
-11	-35	-45	1	-23	-13	-46	-42	cell = 776 to 783
-58	-53	-42	1	-47	5	-7	-44	cell = 784 to 791
-60	-51	-23	-16	-36	-26	-28	14	cell = 792 to 799
-11	-11	-11	12	5	-13	6	-20	cell = 800 to 807
-1	13	29	8	-49	-38	-18	1	cell = 808 to 815
21	18	29	-5	1	-25	-6	-9	cell = 816 to 823
9	-28	-32	-48	-31	6	-17	11	cell = 824 to 831
-25	-18	-36	-12	-35	-23	20	18	cell = 832 to 839
-39	-31	-8	-11	4	-14	21	2	cell = 840 to 847
-14	1	-58	-27	-18	1	-31	-41	cell = 848 to 855
-35	-13	-14	-28	-40	-24	0	-29	cell = 856 to 863
-49	12	-7	0	13	-9	-3	-19	cell = 864 to 871
-1	-31	-19	-17	-67	-3	12	-39	cell = 872 to 879
11	-14	-13	17	6	23	-46	16	cell = 880 to 887
-39	-3	-12	-19	-14	-26	0	-49	cell = 888 to 895
1	-12	-11	20	-26	7	-33	-47	cell = 896 to 903
-5	-3	-20	3	-18	-40	-20	6	cell = 904 to 911
-25	3	-17	-15	-11	-7	-33	22	cell = 912 to 919
-40	-43	-18	-8	2	-3	-13	-27	cell = 920 to 927
-43	-13	-23	-19	25	-55	-14	16	cell = 928 to 935
-31	-30	-45	13	-7	16	-17	13	cell = 936 to 943
-29	-17	9	-23	-21	5	24	19	cell = 944 to 951
-14	-9	-13	11	12	18	-46	41	cell = 952 to 959
-16	22	-37	-21	-17	4	15	-10	cell = 960 to 967
-15	-39	11	-26	-4	-9	-3	-13	cell = 968 to 975
-16	-15	-12	-41	-27	-4	-21	-21	cell = 976 to 983
-17	-7	1	-19	5	-3	-29	28	cell = 984 to 991
-40	-59	0	-21	13	-5	15	-18	cell = 992 to 999
41	-16	-37	-35	22	-11	4	-30	cell = 1000 to 1007
17	-24	-23	-11	-19	-12	-54	-27	cell = 1008 to 1015
-9	-22	-23	-57	0	3	-40	-25	cell = 1016 to 1023
Calibration values from cell 0 to 1024 for channel 5:

18	-31	1	-27	33	-28	49	-2	cell = 0 to 7
15	35	65	19	51	-17	69	24	cell = 8 to 15
66	-3	69	-27	49	-22	67	-8	cell = 16 to 23
33	-11	41	-38	15	-23	64	-9	cell = 24 to 31
46	-9	16	0	51	8	67	-7	cell = 32 to 39
43	-23	56	5	19	-11	64	-11	cell = 40 to 47
42	-3	74	-9	42	-23	28	2	cell = 48 to 55
63	10	12	-7	56	-1	14	-1	cell = 56 to 63
76	-22	27	-3	59	5	52	-26	cell = 64 to 71
94	3	50	15	56	12	36	-2	cell = 72 to 79
23	-8	67	4	47	-26	45	25	cell = 80 to 87
21	-16	49	-4	23	2	57	-30	cell = 88 to 95
31	-19	31	-19	53	26	25	3	cell = 96 to 103
65	-20	26	16	19	-38	16	10	cell = 104 to 111
-1	22	16	40	-2	-8	66	7	cell = 112 to 119
56	-8	37	-45	49	17	16	0	cell = 120 to 127
46	37	68	-26	26	-41	44	26	cell = 128 to 135
20	41	58	-38	-17	22	69	38	cell = 136 to 143
32	-34	39	4	30	12	47	3	cell = 144 to 151
98	26	57	5	-4	-13	73	-24	cell = 152 to 159
47	10	45	-3	41	16	47	-23	cell = 160 to 167
26	-9	29	-31	42	-18	-11	7	cell = 168 to 175
43	-15	50	-8	64	-37	3	-30	cell = 176 to 183
62	-46	32	-9	17	0	9	-32	cell = 184 to 191
62	-8	61	-38	0	-30	56	15	cell = 192 to 199
34	-14	69	-5	16	-55	27	-48	cell = 200 to 207
40	-6	17	-19	28	5	54	-17	cell = 208 to 215
40	51	40	-49	50	33	-4	38	cell = 216 to 223
59	-5	78	26	31	-9	56	-36	cell = 224 to 231
53	-33	70	-14	8	13	69	16	cell = 232 to 239
71	-7	90	4	82	18	43	-22	cell = 240 to 247
19	-5	41	15	61	-15	52	-10	cell = 248 to 255
8	-11	82	23	16	8	43	-33	cell = 256 to 263
36	-8	26	-10	25	-63	-5	6	cell = 264 to 271
37	0	74	-9	27	-17	44	-7	cell = 272 to 279
41	-6	61	49	30	17	-9	8	cell = 280 to 287
24	-8	69	-15	18	-19	11	26	cell = 288 to 295
-24	-15	61	-13	49	4	45	-36	cell = 296 to 303
55	-44	43	-24	77	-14	46	24	cell = 304 to 311
8	-33	10	4	31	-39	38	-33	cell = 312 to 319
45	-36	75	-4	59	-53	19	-18	cell = 320 to 327
47	-8	23	-12	34	0	9	4	cell = 328 to 335
40	0	59	-17	37	-36	35	7	cell = 336 to 343
80	26	29	-14	28	52	25	-36	cell = 344 to 351
30	12	30	-17	43	-3	96	-2	cell = 352 to 359
39	-26	21	-18	56	3	-15	-27	cell = 360 to 367
36	-52	47	26	33	-41	36	-8	cell = 368 to 375
21	17	13	-19	32	-28	18	-23	cell = 376 to 383
21	-6	83	-5	62	15	19	-15	cell = 384 to 391
23	-41	41	-22	25	3	41	10	cell = 392 to 399
55	-14	44	-29	1	12	61	17	cell = 400 to 407
26	-63	40	-16	30	46	43	2	cell = 408 to 415
28	-7	76	-8	54	-31	37	-17	cell = 416 to 423
17	-44	52	-10	49	20	47	-43	cell = 424 to 431
51	-56	64	-17	59	-23	21	-13	cell = 432 to 439
29	-53	5	-37	65	16	30	-23	cell = 440 to 447
31	-24	-20	-1	50	27	12	-32	cell = 448 to 455
77	1	57	-29	38	-38	61	-17	cell = 456 to 463
49	9	-7	-5	29	-29	25	-5	cell = 464 to 471
33	-25	-10	-41	10	-10	12	18	cell = 472 to 479
38	44	41	15	24	17	83	-39	cell = 480 to 487
54	-7	41	17	-5	2	11	32	cell = 488 to 495
39	-48	-28	-89	-48	-64	-11	-103	cell = 496 to 503
41	-12	36	0	42	-27	64	17	cell = 504 to 511
-32	-27	-26	14	-32	-53	-26	-13	cell = 512 to 519
-78	-26	-45	-22	-23	-6	-9	-5	cell = 520 to 527
-6	-22	-12	-52	-29	-11	-25	-40	cell = 528 to 535
-59	-37	9	-11	-11	-57	-2	-16	cell = 536 to 543
2	-23	-29	1	15	-47	-28	8	cell = 544 to 551
-26	-29	-33	-16	-12	6	-19	-10	cell = 552 to 559
-9	-27	10	-18	-25	1	-26	-30	cell = 560 to 567
10	-26	-18	1	-36	-32	-2	-31	cell = 568 to 575
-14	-38	9	-18	17	-33	-17	-52	cell = 576 to 583
-40	15	-25	3	-56	6	-10	-12	cell = 584 to 591
-41	-23	-3	-17	28	-16	-39	7	cell = 592 to 599
-11	-44	-62	-18	-12	-6	-3	-16	cell = 600 to 607
11	-31	4	-7	-55	-38	-11	39	cell = 608 to 615
-58	-13	7	-9	-26	-16	-12	-2	cell = 616 to 623
-28	2	-45	21	-30	26	-5	22	cell = 624 to 631
3	-30	-37	29	-13	-26	3	-16	cell = 632 to 639
-15	3	-19	19	-40	-6	-22	-32	cell = 640 to 647
18	-37	-31	-15	-17	18	-36	0	cell = 648 to 655
-29	-15	-29	-15	2	-32	-29	-7	cell = 656 to 663
-16	-4	-32	-18	-28	33	-34	-40	cell = 664 to 671
-13	-20	8	4	-48	-17	-32	5	cell = 672 to 679
-21	-21	10	-6	-12	-40	-28	-18	cell = 680 to 687
9	-3	-38	-34	-39	-28	-33	-4	cell = 688 to 695
-12	-10	-36	-17	-63	-4	-39	-41	cell = 696 to 703
-19	-25	-26	3	-39	-20	-41	10	cell = 704 to 711
-24	3	-29	-6	2	-22	-20	-65	cell = 712 to 719
-22	-14	-44	-31	-11	-2	24	-48	cell = 720 to 727
-36	-16	-21	-4	-9	6	6	-11	cell = 728 to 735
-21	-86	-22	-13	-36	-36	-8	-25	cell = 736 to 743
2	-18	-10	-9	-46	-21	-14	-31	cell = 744 to 751
-11	-17	2	-20	-34	-8	-25	-61	cell = 752 to 759
16	0	-10	-25	-3	-15	-9	28	cell = 760 to 767
-17	3	1	-29	-19	-12	-1	0	cell = 768 to 775
-53	-12	-10	2	-8	-28	20	-27	cell = 776 to 783
-35	-35	12	-7	-43	-15	-8	-16	cell = 784 to 791
-40	-18	-14	-30	-42	-14	5	6	cell = 792 to 799
-14	-36	25	-22	-16	-48	-34	5	cell = 800 to 807
6	30	-15	3	-10	-24	-14	-24	cell = 808 to 815
10	-30	-10	3	-20	0	-38	-2	cell = 816 to 823
-22	-25	-24	-12	-7	7	-24	-8	cell = 824 to 831
-28	-30	-7	-5	4	-5	-24	17	cell = 832 to 839
-33	-36	27	-13	-25	-61	-4	12	cell = 840 to 847
-22	-29	-27	9	12	-13	-16	16	cell = 848 to 855
-5	-43	-12	-9	14	-55	17	-2	cell = 856 to 863
49	-7	3	-20	17	-3	38	2	cell = 864 to 871
-9	-33	-23	-5	3	-25	-57	-46	cell = 872 to 879
-23	-19	-8	12	-33	19	-30	-11	cell = 880 to 887
-51	-31	0	-21	17	-13	6	-38	cell = 888 to 895
-29	-11	-22	36	28	-4	-16	23	cell = 896 to 903
-8	-18	-18	38	-42	-33	-26	-11	cell = 904 to 911
-4	0	-7	8	0	-24	-2	-21	cell = 912 to 919
24	13	-34	35	-47	31	2	-26	cell = 920 to 927
-29	-19	-42	-18	-4	6	-32	6	cell = 928 to 935
-53	-1	-23	-35	-8	-24	-17	-22	cell = 936 to 943
-16	-20	-43	-25	8	-12	9	-4	cell = 944 to 951
10	-38	-45	-22	-48	-4	14	-26	cell = 952 to 959
-17	-19	16	6	18	-21	-12	-26	cell = 960 to 967
0	-10	-44	5	-48	22	-11	-34	cell = 968 to 975
-24	-26	1	23	4	-14	-30	-6	cell = 976 to 983
-40	13	18	50	20	-21	-31	28	cell = 984 to 991
-26	-12	-9	20	-21	-36	-11	-24	cell = 992 to 999
-10	24	-6	1	-34	54	7	-31	cell = 1000 to 1007
-49	-34	-19	-8	3	-52	-32	-59	cell = 1008 to 1015
-9	-9	-2	-12	-28	9	5	-22	cell = 1016 to 1023
Calibration values from cell 0 to 1024 for channel 6:

50	-6	72	-7	57	-2	32	-17	cell = 0 to 7
75	22	-2	-21	82	0	55	-17	cell = 8 to 15
22	-14	50	10	52	16	40	-7	cell = 16 to 23
15	7	37	-21	-2	26	56	18	cell = 24 to 31
46	-2	46	-1	71	-25	65	-37	cell = 32 to 39
69	-14	24	-29	22	-25	38	13	cell = 40 to 47
49	18	82	-20	40	37	30	-7	cell = 48 to 55
57	-15	7	-11	86	25	34	53	cell = 56 to 63
24	-8	19	11	22	-36	26	21	cell = 64 to 71
64	-49	42	0	91	39	36	-19	cell = 72 to 79
85	-17	38	-6	30	2	71	10	cell = 80 to 87
84	0	40	-23	39	-12	36	1	cell = 88 to 95
40	14	38	-6	58	-54	89	-20	cell = 96 to 103
42	-29	66	4	60	21	78	-10	cell = 104 to 111
86	9	77	-3	37	-39	32	-12	cell = 112 to 119
3	6	28	-29	27	-10	40	-8	cell = 120 to 127
59	-7	88	-4	39	31	42	2	cell = 128 to 135
42	0	87	18	36	-7	55	47	cell = 136 to 143
43	-29	40	30	74	0	44	20	cell = 144 to 151
41	-34	54	-33	72	5	28	-27	cell = 152 to 159
59	46	96	-31	34	-29	43	15	cell = 160 to 167
41	-40	53	-56	-14	44	57	-32	cell = 168 to 175
28	11	37	28	69	-13	48	-31	cell = 176 to 183
35	-10	-3	-3	65	27	15	8	cell = 184 to 191
29	2	33	0	54	-2	78	-46	cell = 192 to 199
51	-30	-4	-15	38	-22	55	-14	cell = 200 to 207
52	-10	32	-6	52	14	26	0	cell = 208 to 215
13	-42	22	10	65	-6	17	-26	cell = 216 to 223
69	9	46	16	18	-35	29	-22	cell = 224 to 231
39	-15	37	-40	17	8	42	6	cell = 232 to 239
27	-36	83	-5	36	-17	87	-12	cell = 240 to 247
58	20	16	-34	3	-7	2	7	cell = 248 to 255
39	-30	51	20	-12	9	52	4	cell = 256 to 263
65	-24	-21	-22	81	-32	45	29	cell = 264 to 271
63	-3	36	9	90	1	23	-14	cell = 272 to 279
26	-26	61	-8	17	-14	16	-23	cell = 280 to 287
46	-16	17	-11	22	-13	42	-14	cell = 288 to 295
77	-6	54	39	28	-16	51	-16	cell = 296 to 303
39	-12	26	-32	57	-28	39	-13	cell = 304 to 311
26	-2	67	-25	39	-26	40	19	cell = 312 to 319
40	-44	-4	-6	40	-7	0	12	cell = 320 to 327
24	-26	21	-29	61	14	45	-37	cell = 328 to 335
49	-28	60	0	54	15	58	2	cell = 336 to 343
50	2	62	-1	45	-11	23	-27	cell = 344 to 351
26	-29	40	-37	55	-36	49	12	cell = 352 to 359
20	-25	25	-3	41	3	35	-21	cell = 360 to 367
65	4	6	-29	5	-30	39	-24	cell = 368 to 375
23	2	41	-24	22	9	43	-6	cell = 376 to 383
47	28	45	2	73	-3	38	0	cell = 384 to 391
27	17	63	-6	11	-17	13	16	cell = 392 to 399
57	15	10	-29	-2	-52	36	-3	cell = 400 to 407
53	-45	31	1	15	-20	-2	-24	cell = 408 to 415
14	4	43	22	95	-29	21	-4	cell = 416 to 423
18	-5	28	-40	9	-13	43	9	cell = 424 to 431
41	-14	34	-9	43	-37	33	-38	cell = 432 to 439
54	-21	23	-56	53	-35	35	-8	cell = 440 to 447
30	-16	23	21	33	-3	66	11	cell = 448 to 455
33	-40	24	-12	40	-4	86	-12	cell = 456 to 463
6	30	28	-25	50	27	10	-15	cell = 464 to 471
107	-21	13	-39	36	-37	39	12	cell = 472 to 479
74	-16	17	-15	33	-11	28	-27	cell = 480 to 487
-11	9	-13	-55	81	-14	45	-8	cell = 488 to 495
8	12	-7	-45	-54	-125	-39	-108	cell = 496 to 503
40	-6	34	-38	11	-56	38	-23	cell = 504 to 511
-7	10	29	-31	39	-12	-31	-30	cell = 512 to 519
-31	-17	-6	8	-20	-19	-68	-9	cell = 520 to 527
-33	18	-45	-29	-25	-44	-9	-39	cell = 528 to 535
-30	18	10	-69	-28	-43	-16	11	cell = 536 to 543
-10	-38	4	-15	-62	-11	-61	-85	cell = 544 to 551
-4	-38	-14	-7	-15	-21	-8	-30	cell = 552 to 559
-37	-10	11	-9	-18	31	-53	3	cell = 560 to 567
-22	-23	0	-22	-60	-30	-47	-23	cell = 568 to 575
-15	26	-8	-27	-29	-15	-8	-2	cell = 576 to 583
-11	-8	-27	-30	-17	26	-13	39	cell = 584 to 591
-34	-16	16	-37	14	-22	-11	-24	cell = 592 to 599
-42	8	13	-49	-18	17	1	47	cell = 600 to 607
-26	-41	-16	-50	-28	19	-18	-7	cell = 608 to 615
-30	-17	-1	-22	11	-10	-24	-36	cell = 616 to 623
-17	-4	-31	-3	-39	-16	-23	-13	cell = 624 to 631
-6	-29	-3	25	-31	-54	28	-33	cell = 632 to 639
-28	-13	6	-21	-9	-20	-3	-24	cell = 640 to 647
-7	-30	-48	-25	-13	-32	-24	-38	cell = 648 to 655
-11	7	18	-39	-27	-17	-39	0	cell = 656 to 663
-7	-27	-15	-29	0	-11	-5	-29	cell = 664 to 671
-24	33	-22	-59	-27	-4	-18	3	cell = 672 to 679
10	9	26	-41	6	-1	-19	-35	cell = 680 to 687
-35	-30	-50	-13	-6	-24	-25	-55	cell = 688 to 695
-59	-44	0	-12	3	-26	-9	27	cell = 696 to 703
-20	-29	-29	-32	3	-22	18	-8	cell = 704 to 711
-35	-14	-12	0	-27	12	-49	-3	cell = 712 to 719
-12	-35	14	-16	-6	-21	8	-17	cell = 720 to 727
-12	3	-47	-1	-28	3	-3	-32	cell = 728 to 735
-14	-24	-26	-1	-44	-11	-52	-25	cell = 736 to 743
-37	-33	-39	9	-16	-6	-4	27	cell = 744 to 751
-9	-18	57	-36	14	-33	-47	-15	cell = 752 to 759
-27	-21	-7	24	-39	-9	-27	-42	cell = 760 to 767
-35	7	19	-13	-20	-24	3	-48	cell = 768 to 775
-31	-6	-25	-36	8	2	28	-7	cell = 776 to 783
-44	2	-27	-9	-36	-35	-39	24	cell = 784 to 791
11	-27	21	1	-17	-30	-22	-10	cell = 792 to 799
-42	-23	10	12	-62	-17	-38	-45	cell = 800 to 807
-35	-7	-35	-41	-57	-10	3	-3	cell = 808 to 815
-33	-7	-40	-43	-33	-4	-18	25	cell = 816 to 823
-52	-56	-31	-3	-56	-41	-20	5	cell = 824 to 831
-20	26	37	18	16	-45	-23	-12	cell = 832 to 839
-22	-19	0	19	-6	38	-44	19	cell = 840 to 847
1	-7	-16	3	-59	-4	0	-26	cell = 848 to 855
-13	39	-29	-40	-20	-18	-12	-13	cell = 856 to 863
-9	0	-12	-4	-16	13	-1	13	cell = 864 to 871
-44	-19	-26	-13	-59	-2	-24	-5	cell = 872 to 879
-27	9	7	0	-82	0	-11	18	cell = 880 to 887
-18	-23	-36	-79	-14	-3	7	-30	cell = 888 to 895
32	2	20	-40	-24	36	2	-3	cell = 896 to 903
-15	-20	-9	-14	-53	-3	-38	-21	cell = 904 to 911
-21	26	2	17	-24	-23	-44	7	cell = 912 to 919
-23	-14	-32	-22	-35	4	-11	-30	cell = 920 to 927
25	-17	20	-26	-23	26	-5	-61	cell = 928 to 935
-35	8	-18	-21	9	-4	-30	14	cell = 936 to 943
-43	-17	-29	-11	-58	-6	8	-39	cell = 944 to 951
5	-31	-45	-3	-9	20	16	24	cell = 952 to 959
4	-7	-25	-30	-7	-59	-22	-37	cell = 960 to 967
-2	22	-35	-16	-8	0	-18	-35	cell = 968 to 975
13	28	-20	-33	-23	-10	-35	35	cell = 976 to 983
1	7	19	-6	-37	31	-19	-34	cell = 984 to 991
-32	-32	-19	18	-15	-21	-13	-37	cell = 992 to 999
-22	-22	-53	-10	16	-29	-44	-17	cell = 1000 to 1007
14	-18	-26	-4	-15	-22	-44	12	cell = 1008 to 1015
15	-31	-14	-9	6	14	-13	-26	cell = 1016 to 1023
Calibration values from cell 0 to 1024 for channel 7:

32	-25	20	-45	63	-54	59	-20	cell = 0 to 7
22	6	15	-26	32	-30	58	-10	cell = 8 to 15
24	-4	93	21	45	18	73	-33	cell = 16 to 23
66	9	29	46	47	-4	42	-39	cell = 24 to 31
65	0	30	-8	52	-18	24	-63	cell = 32 to 39
31	0	44	-4	24	-19	21	-14	cell = 40 to 47
33	3	35	13	36	30	27	-9	cell = 48 to 55
63	16	32	-4	1	-4	25	31	cell = 56 to 63
9	1	54	1	34	-25	17	-39	cell = 64 to 71
44	16	35	20	56	-29	27	26	cell = 72 to 79
63	21	35	-48	49	23	26	-27	cell = 80 to 87
71	11	19	-18	64	13	60	-13	cell = 88 to 95
88	-7	23	-25	-7	7	70	-6	cell = 96 to 103
62	-46	68	-7	15	-49	57	10	cell = 104 to 111
24	39	46	3	86	12	36	-3	cell = 112 to 119
53	13	21	21	32	16	57	-10	cell = 120 to 127
58	46	15	10	73	13	54	22	cell = 128 to 135
24	0	47	1	42	-6	45	-11	cell = 136 to 143
48	34	41	-27	51	-22	63	-31	cell = 144 to 151
67	-4	15	5	27	-47	1	1	cell = 152 to 159
60	-48	76	-7	33	17	63	29	cell = 160 to 167
36	26	68	8	33	7	49	35	cell = 168 to 175
31	-8	65	-43	43	25	65	14	cell = 176 to 183
55	16	35	14	23	-21	50	5	cell = 184 to 191
58	-26	63	19	-6	-4	73	-5	cell = 192 to 199
26	-30	59	21	43	7	57	23	cell = 200 to 207
69	29	75	12	57	33	23	21	cell = 208 to 215
33	-16	46	3	20	6	12	-14	cell = 216 to 223
72	0	62	-10	46	0	30	-7	cell = 224 to 231
21	44	22	-26	31	-44	69	32	cell = 232 to 239
19	-3	23	-14	50	-56	66	-30	cell = 240 to 247
37	14	31	9	8	9	10	-13	cell = 248 to 255
11	-52	85	13	52	-16	25	74	cell = 256 to 263
44	-51	33	-6	52	32	17	-19	cell = 264 to 271
33	9	28	9	78	23	15	-11	cell = 272 to 279
43	-23	51	-35	17	26	20	37	cell = 280 to 287
29	34	35	23	14	12	53	26	cell = 288 to 295
38	-3	26	32	19	39	62	7	cell = 296 to 303
48	26	16	2	45	-2	24	-20	cell = 304 to 311
25	-68	41	1	43	15	25	-41	cell = 312 to 319
2	-27	11	0	45	24	17	-33	cell = 320 to 327
32	-16	55	16	58	-22	61	-36	cell = 328 to 335
49	-15	10	17	35	29	21	-51	cell = 336 to 343
73	-40	50	-29	16	-26	19	-10	cell = 344 to 351
46	-19	16	1	61	-7	13	-32	cell = 352 to 359
37	-4	31	-13	75	13	26	-9	cell = 360 to 367
53	-33	26	-37	33	-9	18	-19	cell = 368 to 375
21	11	60	-6	32	-80	32	-8	cell = 376 to 383
46	-17	17	1	25	-19	24	-10	cell = 384 to 391
21	2	28	-4	49	-6	57	-20	cell = 392 to 399
16	-18	18	15	58	39	22	-27	cell = 400 to 407
64	-18	10	-21	35	-17	38	19	cell = 408 to 415
64	1	30	5	24	-23	46	-23	cell = 416 to 423
47	17	28	-54	41	-5	78	11	cell = 424 to 431
47	-4	81	-47	39	15	19	0	cell = 432 to 439
17	-4	34	15	42	-32	14	27	cell = 440 to 447
28	-21	30	-46	57	0	45	0	cell = 448 to 455
27	-24	42	-20	5	-17	21	-19	cell = 456 to 463
38	8	9	-21	6	-14	65	-57	cell = 464 to 471
-8	-23	20	-59	-3	-34	56	-47	cell = 472 to 479
43	-38	49	11	-2	45	48	-70	cell = 480 to 487
20	18	51	-25	-14	9	16	-12	cell = 488 to 495
11	-12	-18	-76	-42	-97	-40	-70	cell = 496 to 503
14	-18	17	-31	24	-13	37	11	cell = 504 to 511
-42	-13	-49	26	-33	-22	-19	-55	cell = 512 to 519
-62	-16	-19	-39	-28	-16	0	15	cell = 520 to 527
-18	-12	-15	-64	-14	33	-42	-33	cell = 528 to 535
-30	4	3	-1	-9	-39	-18	-36	cell = 536 to 543
-50	-5	-15	6	-17	14	-17	3	cell = 544 to 551
-23	23	18	-11	22	-5	-51	-26	cell = 552 to 559
-9	2	-37	-26	0	-5	-23	-25	cell = 560 to 567
-9	-15	-41	-51	-60	13	-12	-29	cell = 568 to 575
-18	-53	2	3	6	-26	-38	-15	cell = 576 to 583
-45	-55	-23	-29	4	33	0	-24	cell = 584 to 591
-5	-32	-17	-1	-43	-11	-25	-44	cell = 592 to 599
-49	-12	-36	-26	-14	-5	-3	-18	cell = 600 to 607
-52	-47	5	13	15	-6	-54	-20	cell = 608 to 615
14	-8	9	-49	7	-49	-74	-16	cell = 616 to 623
-24	-14	-11	-34	-37	-44	-4	8	cell = 624 to 631
-12	-26	-18	-35	-5	-35	-57	-49	cell = 632 to 639
-23	-5	-44	0	-70	-13	-19	-6	cell = 640 to 647
-8	-25	3	-25	2	-52	-18	10	cell = 648 to 655
-37	-44	-27	-28	-7	-38	-30	-16	cell = 656 to 663
-41	-14	5	-53	-42	9	-11	-31	cell = 664 to 671
-16	12	13	-11	-17	-34	-24	-9	cell = 672 to 679
-17	-16	-38	-52	15	-14	13	-16	cell = 680 to 687
-65	-19	-12	-22	-19	-37	-11	-35	cell = 688 to 695
-19	9	-49	-15	-31	-28	-44	30	cell = 696 to 703
-7	-52	-10	11	-15	-8	0	7	cell = 704 to 711
-14	14	-8	-32	22	6	-6	28	cell = 712 to 719
-11	-19	-17	-28	10	-17	-30	-7	cell = 720 to 727
-63	-42	-38	-46	17	9	-27	-17	cell = 728 to 735
-21	-8	16	3	-14	-3	-47	-8	cell = 736 to 743
-37	40	-12	-8	0	2	-7	6	cell = 744 to 751
-20	28	-35	-17	-37	-3	-39	-18	cell = 752 to 759
-23	-26	-15	14	-39	-15	-47	20	cell = 760 to 767
-19	15	-19	-28	-24	-9	-6	0	cell = 768 to 775
-27	-1	-13	-11	-40	8	-18	2	cell = 776 to 783
-47	-47	0	-9	-48	9	5	11	cell = 784 to 791
17	-20	-27	-20	12	-16	-29	-26	cell = 792 to 799
-30	-29	1	-5	0	8	-41	-23	cell = 800 to 807
-28	-4	-26	13	1	-23	-20	-12	cell = 808 to 815
-7	-15	-26	4	-32	-10	-27	23	cell = 816 to 823
-25	-54	-38	-27	-35	40	-13	2	cell = 824 to 831
4	-29	-1	-13	-4	-10	-23	-22	cell = 832 to 839
-3	7	-17	11	-14	-11	-19	-52	cell = 840 to 847
-34	-29	16	-21	-48	-36	-13	-60	cell = 848 to 855
-41	-14	-10	15	-11	-29	1	-4	cell = 856 to 863
17	18	-8	-18	-22	-17	-32	-31	cell = 864 to 871
1	51	7	-33	4	7	-3	11	cell = 872 to 879
-32	1	-22	18	-43	24	30	-57	cell = 880 to 887
-21	18	-21	-39	-44	21	16	19	cell = 888 to 895
-26	-20	46	-29	-26	25	-14	37	cell = 896 to 903
1	-3	-13	-23	-18	7	-15	-5	cell = 904 to 911
3	-9	-25	-31	-52	-3	1	4	cell = 912 to 919
-22	-17	-39	-42	-2	17	10	-37	cell = 920 to 927
-32	-28	-18	23	-12	-33	-32	6	cell = 928 to 935
-24	1	31	2	-49	-35	-5	21	cell = 936 to 943
-8	-25	3	-3	-20	-38	37	1	cell = 944 to 951
4	-9	-26	-34	-43	-3	24	20	cell = 952 to 959
-33	-2	-17	-26	-38	-27	-64	-16	cell = 960 to 967
-21	-45	-27	-5	-25	-3	-23	-23	cell = 968 to 975
-11	-8	-54	4	-19	3	-25	-11	cell = 976 to 983
9	-33	-15	-18	5	10	30	-8	cell = 984 to 991
7	-42	-25	14	-17	6	10	-8	cell = 992 to 999
-47	-2	-9	-15	-29	17	-30	5	cell = 1000 to 1007
-67	-2	-59	-42	-21	-9	-39	-12	cell = 1008 to 1015
-37	8	-39	-20	-10	6	-9	-20	cell = 1016 to 1023
Calibration values from cell 0 to 1024 for channel 8:

36	14	52	-27	32	20	64	-10	cell = 0 to 7
56	-30	64	7	44	-5	56	16	cell = 8 to 15
32	-49	99	-3	33	7	46	-12	cell = 16 to 23
-6	-12	33	-9	28	-34	38	-28	cell = 24 to 31
59	39	33	4	37	-33	74	-49	cell = 32 to 39
79	-6	42	-15	58	11	56	-15	cell = 40 to 47
60	0	22	-38	56	-26	26	-24	cell = 48 to 55
38	24	43	1	61	-22	33	-14	cell = 56 to 63
37	-54	59	42	51	-16	87	-4	cell = 64 to 71
28	31	53	4	35	34	46	-19	cell = 72 to 79
33	-5	43	13	90	15	63	14	cell = 80 to 87
38	44	88	-20	23	-7	21	24	cell = 88 to 95
36	44	56	-9	37	13	54	-5	cell = 96 to 103
56	-19	47	14	2	14	44	-7	cell = 104 to 111
1	11	58	-26	34	-12	38	-45	cell = 112 to 119
0	-23	58	-17	62	0	35	50	cell = 120 to 127
68	29	76	-62	33	-25	85	-11	cell = 128 to 135
47	-15	69	0	79	0	97	21	cell = 136 to 143
47	-19	29	-13	36	-38	31	1	cell = 144 to 151
-10	-14	84	-47	20	35	3	-23	cell = 152 to 159
40	-4	43	26	33	24	77	-34	cell = 160 to 167
69	-36	31	-5	91	7	63	-13	cell = 168 to 175
93	15	59	-14	57	-27	-2	15	cell = 176 to 183
31	12	28	-7	65	-52	58	-23	cell = 184 to 191
70	6	55	-19	42	13	15	-26	cell = 192 to 199
12	25	46	-30	73	20	63	-13	cell = 200 to 207
19	23	49	-9	47	-34	58	-8	cell = 208 to 215
47	5	48	-30	55	3	54	9	cell = 216 to 223
30	-7	6	-46	56	8	65	-4	cell = 224 to 231
71	-29	26	-9	41	10	93	-24	cell = 232 to 239
63	28	54	-23	57	-28	46	-23	cell = 240 to 247
45	1	40	-3	43	-18	39	22	cell = 248 to 255
28	33	58	-35	69	2	10	-13	cell = 256 to 263
16	20	3	-49	16	-45	18	5	cell = 264 to 271
24	-42	17	52	42	-35	44	-23	cell = 272 to 279
67	-16	14	-26	52	-9	1	-8	cell = 280 to 287
33	30	42	-5	23	37	43	-24	cell = 288 to 295
47	-44	41	-22	67	-12	33	12	cell = 296 to 303
71	-27	38	-29	28	-17	49	0	cell = 304 to 311
2	1	54	-3	28	-5	42	3	cell = 312 to 319
63	11	31	6	83	-28	33	-10	cell = 320 to 327
76	6	-14	4	7	-35	27	-9	cell = 328 to 335
40	22	36	1	41	-33	18	15	cell = 336 to 343
51	-14	16	7	46	-52	83	11	cell = 344 to 351
22	-14	83	-35	5	-61	42	-6	cell = 352 to 359
40	-31	61	37	49	13	50	-14	cell = 360 to 367
56	-21	46	-10	12	8	74	-45	cell = 368 to 375
5	4	48	-32	55	-29	14	-45	cell = 376 to 383
64	-24	19	-8	67	-10	49	40	cell = 384 to 391
77	8	19	-21	56	35	41	-26	cell = 392 to 399
39	-35	43	-16	37	-11	72	-1	cell = 400 to 407
8	-13	62	-17	50	-29	28	-19	cell = 408 to 415
57	8	53	-48	40	-4	54	-22	cell = 416 to 423
45	-26	32	-22	5	-9	44	13	cell = 424 to 431
29	-28	37	-31	60	12	37	-2	cell = 432 to 439
36	21	5	-60	25	-31	60	4	cell = 440 to 447
41	-29	53	29	34	-5	49	-27	cell = 448 to 455
69	12	33	-38	74	-19	56	-44	cell = 456 to 463
27	11	58	-47	45	-7	42	-13	cell = 464 to 471
46	-17	32	-55	46	-33	63	-75	cell = 472 to 479
77	-40	60	-16	9	-15	80	49	cell = 480 to 487
41	19	76	-18	41	-11	68	-18	cell = 488 to 495
77	-41	-10	-96	-25	-76	-49	-102	cell = 496 to 503
86	-14	57	-83	47	1	15	-8	cell = 504 to 511
-43	31	-66	-29	-24	-20	-6	-25	cell = 512 to 519
-6	-14	-38	7	38	-12	9	-27	cell = 520 to 527
29	-30	-36	-33	-49	11	-25	2	cell = 528 to 535
-39	18	-25	-2	-10	-30	-29	-3	cell = 536 to 543
3	-5	-9	-18	-14	-16	1	-4	cell = 544 to 551
9	-30	3	-19	-43	-7	-14	-22	cell = 552 to 559
-60	13	-43	-1	-24	-15	-44	-24	cell = 560 to 567
-32	-21	-16	-1	-37	-17	-86	-26	cell = 568 to 575
-39	4	-32	-1	-50	-3	-41	20	cell = 576 to 583
-8	-16	-18	-12	-20	-33	0	-14	cell = 584 to 591
-2	-29	10	-18	19	-12	-22	-28	cell = 592 to 599
-49	16	-53	-38	-32	-6	29	-25	cell = 600 to 607
-38	-19	-20	-12	-21	-29	-11	-27	cell = 608 to 615
-49	-2	-38	9	-17	36	-67	-48	cell = 616 to 623
-6	32	-22	-41	-35	14	-5	-35	cell = 624 to 631
-43	-5	-17	14	-1	6	-45	-12	cell = 632 to 639
-3	-22	-16	-20	-15	-17	-34	-55	cell = 640 to 647
-18	42	5	5	-36	-24	-15	-20	cell = 648 to 655
-12	17	-11	3	27	-34	-31	-45	cell = 656 to 663
-38	-38	-8	-28	-30	-18	-11	-23	cell = 664 to 671
-39	-71	-44	15	-39	-12	-51	22	cell = 672 to 679
-54	-22	-26	-44	-26	-16	-29	-37	cell = 680 to 687
-41	7	-43	35	-12	0	-25	-33	cell = 688 to 695
-31	-21	-20	17	-10	-1	-42	22	cell = 696 to 703
-41	31	-7	-12	-17	-16	-16	-37	cell = 704 to 711
-15	2	-69	-8	7	-29	12	-16	cell = 712 to 719
-42	-34	1	-11	18	25	-37	-25	cell = 720 to 727
-44	-27	-32	-15	-22	-1	-24	6	cell = 728 to 735
-14	-3	-21	-36	-10	-61	12	27	cell = 736 to 743
-32	-2	-23	-35	-32	-51	0	-33	cell = 744 to 751
-51	7	-37	-2	5	-40	12	-13	cell = 752 to 759
-6	-45	-39	-16	-4	-24	-30	-18	cell = 760 to 767
-9	4	-43	24	-22	12	-34	-52	cell = 768 to 775
-17	21	-19	0	18	-40	-71	-44	cell = 776 to 783
26	-25	23	21	0	-10	-21	0	cell = 784 to 791
4	-1	-48	18	-50	-42	-32	-23	cell = 792 to 799
-8	6	-14	-17	-19	-11	-14	36	cell = 800 to 807
-23	-40	-8	-9	20	-1	-45	-33	cell = 808 to 815
-5	-15	-5	-5	-21	-35	10	-1	cell = 816 to 823
-28	-24	-45	-27	-13	-11	23	-46	cell = 824 to 831
-28	0	-16	-62	-23	-38	-5	-43	cell = 832 to 839
-6	-35	-5	-4	-3	-62	24	23	cell = 840 to 847
-19	9	-17	-5	-15	21	-6	-19	cell = 848 to 855
7	8	-26	-12	-23	-37	22	-32	cell = 856 to 863
-23	1	18	-37	16	1	-50	-26	cell = 864 to 871
-51	-33	-51	-24	-62	-52	-18	-24	cell = 872 to 879
-34	-36	-21	30	-21	24	-28	4	cell = 880 to 887
-35	-50	-31	10	-10	-27	16	-15	cell = 888 to 895
-14	-28	11	-22	-2	-6	38	33	cell = 896 to 903
-16	-48	-30	-13	-24	0	-2	-10	cell = 904 to 911
25	15	-4	11	-2	29	-38	-21	cell = 912 to 919
-32	0	-41	-47	23	-34	5	-15	cell = 920 to 927
-19	-11	10	-13	-23	-1	-45	-34	cell = 928 to 935
-38	5	-28	16	-31	-14	-50	-36	cell = 936 to 943
-26	-47	-38	18	-9	16	-26	-31	cell = 944 to 951
-15	-7	4	-13	-25	6	-21	2	cell = 952 to 959
12	-34	2	6	-49	-9	10	-52	cell = 960 to 967
-41	-25	-19	-5	3	-25	-34	-5	cell = 968 to 975
-10	-12	-24	-27	-14	21	0	-27	cell = 976 to 983
-28	-21	-37	-39	-18	-27	7	-12	cell = 984 to 991
11	-6	-44	1	-16	3	-21	-40	cell = 992 to 999
-25	-57	-20	-7	-38	-17	-11	-40	cell = 1000 to 1007
3	-56	-45	-27	9	-37	-41	-26	cell = 1008 to 1015
-7	-52	-42	-49	-50	-18	-5	-6	cell = 1016 to 1023
