Calibration values from cell 0 to 1024 for channel 0:

47	-41	1	15	34	-24	35	-39	cell = 0 to 7
3	2	18	-7	61	33	17	16	cell = 8 to 15
36	11	43	6	64	10	29	-5	cell = 16 to 23
50	-6	12	-27	9	-41	40	-56	cell = 24 to 31
52	10	12	3	49	-3	85	-16	cell = 32 to 39
0	23	13	5	5	-36	47	-20	cell = 40 to 47
16	-24	33	0	52	-14	39	-21	cell = 48 to 55
40	12	18	33	15	15	42	0	cell = 56 to 63
37	-17	62	-26	31	15	22	8	cell = 64 to 71
71	-16	73	26	84	12	41	-35	cell = 72 to 79
69	14	21	-37	77	-7	64	-26	cell = 80 to 87
74	-27	68	0	38	14	16	-15	cell = 88 to 95
15	26	76	1	36	0	49	-29	cell = 96 to 103
42	3	36	11	82	4	15	0	cell = 104 to 111
80	10	5	4	50	4	25	-24	cell = 112 to 119
26	-22	11	-4	13	-7	88	4	cell = 120 to 127
46	8	57	9	70	2	43	8	cell = 128 to 135
40	-28	22	11	29	14	33	16	cell = 136 to 143
37	-14	0	-5	69	-21	36	-28	cell = 144 to 151
56	29	64	20	1	29	30	-17	cell = 152 to 159
50	-10	71	14	51	10	34	5	cell = 160 to 167
58	-18	36	-26	29	13	33	-9	cell = 168 to 175
56	25	61	12	29	-36	21	21	cell = 176 to 183
46	13	65	-55	51	19	44	-33	cell = 184 to 191
17	-16	38	-28	53	-10	38	-18	cell = 192 to 199
12	-25	53	-35	11	16	34	6	cell = 200 to 207
27	-2	3	-28	43	1	13	15	cell = 208 to 215
56	-65	57	-12	63	-15	16	-26	cell = 216 to 223
53	-1	26	15	29	16	18	3	cell = 224 to 231
45	-13	26	11	43	-22	51	-2	cell = 232 to 239
52	4	36	-12	54	-21	73	19	cell = 240 to 247
35	0	44	1	54	-51	66	-6	cell = 248 to 255
82	-6	17	-11	59	10	58	-34	cell = 256 to 263
13	-14	68	27	42	-10	8	-54	cell = 264 to 271
72	15	30	-33	58	-15	35	-20	cell = 272 to 279
49	-16	43	9	34	-30	33	-34	cell = 280 to 287
10	8	26	-9	-1	-18	1	-8	cell = 288 to 295
57	19	65	10	29	2	38	9	cell = 296 to 303
51	-17	66	50	23	-25	76	-13	cell = 304 to 311
62	-21	48	-19	75	-38	65	4	cell = 312 to 319
29	0	53	-25	57	-12	9	-27	cell = 320 to 327
60	4	33	-6	60	-3	28	0	cell = 328 to 335
22	3	33	-12	35	34	38	-18	cell = 336 to 343
52	-32	35	8	58	14	10	-9	cell = 344 to 351
96	13	71	-14	58	-68	56	-11	cell = 352 to 359
61	-13	25	11	100	-14	30	20	cell = 360 to 367
73	1	46	7	15	-3	28	-14	cell = 368 to 375
53	-29	-10	-47	91	-27	71	-1	cell = 376 to 383
41	28	59	2	31	-8	46	-8	cell = 384 to 391
66	-12	56	9	38	38	32	-30	cell = 392 to 399
23	-12	61	-8	40	-2	20	-47	cell = 400 to 407
49	-30	38	56	66	7	67	-13	cell = 408 to 415
51	32	60	-13	39	-14	63	-50	cell = 416 to 423
24	7	-13	-47	31	-30	27	-10	cell = 424 to 431
47	-30	20	0	37	21	46	-3	cell = 432 to 439
66	6	43	-16	7	-10	20	-24	cell = 440 to 447
55	5	53	34	58	-7	70	26	cell = 448 to 455
55	-10	79	25	50	-37	43	-26	cell = 456 to 463
34	-41	37	24	70	8	54	-19	cell = 464 to 471
68	-9	34	-48	28	19	26	-26	cell = 472 to 479
6	-10	44	39	9	5	31	-26	cell = 480 to 487
23	-11	33	-11	29	-21	59	19	cell = 488 to 495
41	22	5	-82	-28	-68	-54	-75	cell = 496 to 503
51	-46	58	-39	60	-42	42	-4	cell = 504 to 511
-13	-21	-25	-6	-12	-25	-29	-22	cell = 512 to 519
-15	-33	-58	-20	-45	23	-9	12	cell = 520 to 527
-22	11	-21	-29	-10	-42	-40	-69	cell = 528 to 535
-20	1	-28	-29	-37	13	8	28	cell = 536 to 543
0	-15	-31	1	-29	-9	-62	-11	cell = 544 to 551
-32	-24	-24	-3	-67	-37	-29	-11	cell = 552 to 559
-8	-42	-22	-29	-29	14	-63	-13	cell = 560 to 567
-13	-23	6	-17	8	-17	-45	-9	cell = 568 to 575
-13	5	10	-17	2	-45	-27	-8	cell = 576 to 583
-14	-21	-46	-16	-20	-32	-20	4	cell = 584 to 591
1	9	-4	15	-21	5	-32	-14	cell = 592 to 599
-34	-11	17	-34	-10	-21	1	-20	cell = 600 to 607
-19	-32	-13	-14	-8	-26	-30	-21	cell = 608 to 615
-42	-20	-22	-6	-1	-54	10	-11	cell = 616 to 623
-10	-6	-35	-29	-34	-19	-24	-13	cell = 624 to 631
-14	-52	-3	-27	-6	-29	18	6	cell = 632 to 639
-33	-22	-51	-8	2	-16	-21	-18	cell = 640 to 647
-3	-32	-33	-18	-26	-34	6	37	cell = 648 to 655
23	-50	-18	-18	9	12	-16	-5	cell = 656 to 663
-48	-31	-45	16	-52	-59	-44	-27	cell = 664 to 671
21	-11	9	-35	11	-10	-13	37	cell = 672 to 679
-32	-22	16	-30	-23	-10	-7	-16	cell = 680 to 687
-13	-31	-21	-13	-11	-5	-6	-2	cell = 688 to 695
-17	3	-45	-25	-14	-27	-51	-18	cell = 696 to 703
-25	-27	-13	-37	-27	-20	38	-32	cell = 704 to 711
-13	14	-59	-24	37	-14	-5	22	cell = 712 to 719
-9	-4	-11	-13	15	7	-36	-2	cell = 720 to 727
-16	0	-39	-35	2	-47	0	-5	cell = 728 to 735
-9	-35	-48	0	4	12	-5	-26	cell = 736 to 743
-7	11	-2	-14	-22	-41	-47	-2	cell = 744 to 751
-23	12	12	10	-53	-34	-14	-48	cell = 752 to 759
-2	-10	-15	-65	-45	-24	-10	31	cell = 760 to 767
-26	-19	-51	-14	-11	-41	-29	-26	cell = 768 to 775
-8	-27	-19	-49	-10	-12	-13	13	cell = 776 to 783
-9	18	-52	7	-43	-30	9	-5	cell = 784 to 791
-9	-40	-10	10	5	1	-47	-28	cell = 792 to 799
0	-46	10	5	29	4	5	-43	cell = 800 to 807
-51	-10	-65	-15	34	41	-47	-5	cell = 808 to 815
-16	10	-18	-4	-69	-7	-23	-31	cell = 816 to 823
-39	-36	-8	-50	-17	-20	-28	-7	cell = 824 to 831
-1	2	28	3	-25	6	17	-40	cell = 832 to 839
-52	-35	-22	-18	-25	-30	2	-8	cell = 840 to 847
-18	4	-27	-8	-28	-51	-20	-20	cell = 848 to 855
-35	-13	-20	2	-8	-38	-22	5	cell = 856 to 863
0	-26	0	-42	-13	15	0	-7	cell = 864 to 871
-46	-47	-19	-40	-25	-8	-42	-49	cell = 872 to 879
19	-16	-9	36	-30	-37	-41	-17	cell = 880 to 887
-27	30	-30	7	8	-36	-7	-40	cell = 888 to 895
10	-50	-19	-33	16	3	-24	-13	cell = 896 to 903
-17	26	-16	-11	-22	2	-10	-22	cell = 904 to 911
-21	28	-20	19	11	0	-2	-11	cell = 912 to 919
-9	-23	-33	6	-5	-4	-30	-2	cell = 920 to 927
-35	5	-18	7	-23	-20	-14	-12	cell = 928 to 935
-45	-32	-18	-35	-38	-56	-23	-11	cell = 936 to 943
13	12	-7	10	-10	5	-14	-42	cell = 944 to 951
-6	2	13	-6	-5	-58	-18	-29	cell = 952 to 959
-21	-68	-1	-36	-18	18	-1	-36	cell = 960 to 967
-30	-19	12	-34	-24	-34	-61	-33	cell = 968 to 975
-42	-17	-37	14	-57	-23	-35	-26	cell = 976 to 983
-41	-25	-83	-8	-19	20	-4	-10	cell = 984 to 991
-14	-44	-24	4	-22	-10	-48	-6	cell = 992 to 999
-45	-74	11	4	-3	-24	-38	-8	cell = 1000 to 1007
10	-16	-18	-24	-15	-18	-7	-31	cell = 1008 to 1015
-79	-28	-29	-33	-47	-14	-35	3	cell = 1016 to 1023
Calibration values from cell 0 to 1024 for channel 1:

60	6	35	-46	69	-22	66	-5	cell = 0 to 7
3	-19	83	1	35	29	39	-17	cell = 8 to 15
54	-25	45	0	57	-10	58	-3	cell = 16 to 23
-9	-19	32	-4	44	-8	47	-7	cell = 24 to 31
67	-49	35	-9	47	-31	48	-17	cell = 32 to 39
31	-18	52	-20	38	-13	68	-11	cell = 40 to 47
46	-3	72	-18	36	-38	55	-6	cell = 48 to 55
22	0	73	-26	40	-8	62	-4	cell = 56 to 63
61	6	41	-42	34	-3	55	0	cell = 64 to 71
43	-20	58	-30	13	-26	28	-13	cell = 72 to 79
54	30	48	2	47	9	58	5	cell = 80 to 87
17	31	18	-6	8	-29	72	-24	cell = 88 to 95
48	13	80	-3	63	-3	59	-7	cell = 96 to 103
71	-22	53	-16	47	-23	18	-16	cell = 104 to 111
49	-27	38	14	44	-6	59	-17	cell = 112 to 119
45	-47	26	-16	38	-41	32	-4	cell = 120 to 127
63	7	56	10	39	-14	52	-32	cell = 128 to 135
35	-44	78	1	23	30	20	-36	cell = 136 to 143
36	-13	39	14	38	2	40	-11	cell = 144 to 151
65	-34	63	-13	-2	-24	69	-18	cell = 152 to 159
68	28	45	-12	53	0	53	-9	cell = 160 to 167
43	-5	47	-36	35	-39	35	-9	cell = 168 to 175
68	-30	30	-10	64	6	38	-13	cell = 176 to 183
7	1	42	12	16	21	68	2	cell = 184 to 191
14	-30	33	-6	7	-21	25	-19	cell = 192 to 199
76	-60	42	16	51	-11	21	-13	cell = 200 to 207
33	3	30	-6	56	-19	11	-40	cell = 208 to 215
66	-12	6	9	22	-28	82	-2	cell = 216 to 223
27	-10	31	-36	59	-4	54	4	cell = 224 to 231
26	-16	42	-36	52	-22	72	-3	cell = 232 to 239
51	-20	63	8	47	-38	43	-18	cell = 240 to 247
56	-13	25	8	91	-5	45	16	cell = 248 to 255
52	-14	63	22	36	-15	64	-6	cell = 256 to 263
63	-2	50	-13	32	-29	24	33	cell = 264 to 271
41	-19	36	-23	44	-4	-7	13	cell = 272 to 279
9	-2	44	24	46	-19	40	-28	cell = 280 to 287
45	-48	75	-23	41	-2	90	-5	cell = 288 to 295
70	-15	42	21	8	-6	66	-34	cell = 296 to 303
36	10	27	2	23	-5	30	-20	cell = 304 to 311
69	4	36	3	41	7	43	-28	cell = 312 to 319
57	-21	36	-23	34	10	33	-29	cell = 320 to 327
59	-1	37	4	54	-4	54	15	cell = 328 to 335
39	1	51	-23	82	-54	45	-40	cell = 336 to 343
36	-11	63	-9	93	-14	55	-39	cell = 344 to 351
74	-32	45	-23	71	27	102	-12	cell = 352 to 359
46	-10	32	8	66	6	49	-26	cell = 360 to 367
44	-40	70	-14	6	-51	19	-7	cell = 368 to 375
54	-18	33	2	64	7	32	11	cell = 376 to 383
37	-44	49	3	12	-16	48	-38	cell = 384 to 391
24	-23	52	7	22	29	19	-3	cell = 392 to 399
78	-39	69	-5	56	8	-2	-11	cell = 400 to 407
35	-17	39	-23	29	2	29	6	cell = 408 to 415
43	-4	50	-12	68	-22	36	21	cell = 416 to 423
86	0	25	-20	39	-23	68	-12	cell = 424 to 431
41	22	64	-9	76	-2	59	8	cell = 432 to 439
40	15	44	-13	32	29	47	11	cell = 440 to 447
28	25	43	-15	43	-5	45	12	cell = 448 to 455
39	-27	32	-5	-6	-29	30	-35	cell = 456 to 463
63	-35	14	-71	68	11	44	5	cell = 464 to 471
32	2	42	-50	61	45	81	-48	cell = 472 to 479
16	-35	35	15	59	-13	71	10	cell = 480 to 487
28	3	67	-29	47	8	75	-17	cell = 488 to 495
49	-10	-5	-73	-32	-120	-34	-85	cell = 496 to 503
12	14	11	-9	25	-28	43	-42	cell = 504 to 511
37	-40	-26	-9	-42	-47	-10	-2	cell = 512 to 519
-20	6	-42	-51	-49	-52	-11	-36	cell = 520 to 527
-38	-17	-53	24	-29	-23	-34	-53	cell = 528 to 535
-40	-17	-22	-11	26	-49	-6	-3	cell = 536 to 543
-6	20	-13	-32	-39	-1	-27	28	cell = 544 to 551
-14	-16	-14	-16	-42	11	-40	-20	cell = 552 to 559
-36	-18	-6	-16	15	-20	-3	-20	cell = 560 to 567
-39	3	-14	-4	-5	-51	-17	-5	cell = 568 to 575
-51	-29	-3	23	11	-35	-36	-14	cell = 576 to 583
-6	-16	-27	-16	-4	-13	-23	-29	cell = 584 to 591
-24	-29	7	19	-28	-8	-11	-26	cell = 592 to 599
-39	-20	-40	5	-28	0	-15	-19	cell = 600 to 607
-18	-5	-35	-62	-19	-12	-22	28	cell = 608 to 615
-27	-7	-5	-9	17	-8	-66	-22	cell = 616 to 623
-20	10	-6	-28	-20	-47	-62	-24	cell = 624 to 631
22	-15	-21	7	12	-18	-13	-54	cell = 632 to 639
-2	4	-16	-63	-45	-9	-8	-13	cell = 640 to 647
4	-23	-10	-50	-23	-18	-33	-10	cell = 648 to 655
-6	-63	-57	-33	-20	4	-44	-54	cell = 656 to 663
-18	29	1	-24	-35	-20	-7	-7	cell = 664 to 671
-33	28	-21	-12	-3	59	6	-43	cell = 672 to 679
-12	-19	-32	-25	-11	16	-16	0	cell = 680 to 687
26	-47	24	-15	-18	8	18	-25	cell = 688 to 695
2	-30	-15	-30	-30	6	-42	-49	cell = 696 to 703
-24	-21	-19	-26	-12	-21	-47	-33	cell = 704 to 711
-8	28	1	15	-12	-5	8	-45	cell = 712 to 719
-38	-33	21	-30	17	-38	15	-22	cell = 720 to 727
-2	-22	21	-10	-18	-29	-39	-13	cell = 728 to 735
-25	11	-4	-81	-44	-5	-26	-56	cell = 736 to 743
1	-15	-27	5	-48	-41	-5	2	cell = 744 to 751
10	-6	-32	17	-15	2	1	-8	cell = 752 to 759
-2	-30	-15	-53	-42	-13	4	-11	cell = 760 to 767
-18	18	37	-36	-57	-11	-21	7	cell = 768 to 775
2	-22	9	-25	-11	-12	-11	7	cell = 776 to 783
-38	-4	-37	-3	-6	-29	-24	-46	cell = 784 to 791
-60	-10	-12	-8	-7	9	-5	-38	cell = 792 to 799
-33	-41	-3	10	-10	-41	21	-18	cell = 800 to 807
-21	4	-23	6	-38	-1	16	-12	cell = 808 to 815
-10	-23	-55	-33	12	5	-16	-44	cell = 816 to 823
-29	-15	-12	-17	-48	-17	-38	42	cell = 824 to 831
-27	7	-44	8	-21	-41	-12	-35	cell = 832 to 839
-29	-23	-36	-53	-26	0	12	12	cell = 840 to 847
-33	-7	25	17	-56	-51	-2	3	cell = 848 to 855
-35	-30	-26	-11	-11	-19	-13	-57	cell = 856 to 863
-30	0	-12	0	-8	14	-33	-53	cell = 864 to 871
20	-4	-52	-41	-6	-19	-45	-15	cell = 872 to 879
11	28	-11	-39	-24	-20	-51	-12	cell = 880 to 887
-41	15	-50	-5	-41	-1	-3	-35	cell = 888 to 895
8	-35	-2	10	18	15	5	-17	cell = 896 to 903
-11	-34	-3	-19	-16	-9	-24	-20	cell = 904 to 911
-6	11	3	-11	-6	-40	-34	-14	cell = 912 to 919
-23	6	-26	48	-4	-35	-38	14	cell = 920 to 927
-39	-16	-15	-12	-4	11	-34	21	cell = 928 to 935
-6	-2	-23	-22	-21	-46	-7	20	cell = 936 to 943
-13	19	-51	-31	-52	9	-33	-14	cell = 944 to 951
-51	-5	-8	-30	-4	-27	-46	-55	cell = 952 to 959
-32	20	24	2	-23	19	-2	-14	cell = 960 to 967
-12	-44	-13	4	-2	-25	-34	-17	cell = 968 to 975
-2	-29	-22	-18	-20	-6	-16	-23	cell = 976 to 983
-32	-28	-43	3	-34	-11	-32	-35	cell = 984 to 991
-14	0	-31	-11	-9	-14	10	-2	cell = 992 to 999
-46	-13	-63	-14	-11	-7	-82	-12	cell = 1000 to 1007
-2	7	0	20	-21	2	2	0	cell = 1008 to 1015
-19	-36	-53	-58	-25	2	-19	-29	cell = 1016 to 1023
Calibration values from cell 0 to 1024 for channel 2:

2	-29	35	-7	33	4	63	-21	cell = 0 to 7
32	-29	66	-13	22	-9	28	17	cell = 8 to 15
51	8	30	25	41	10	44	-11	cell = 16 to 23
55	28	34	-10	17	-14	23	28	cell = 24 to 31
9	21	79	-45	37	-40	56	-13	cell = 32 to 39
36	-26	70	-5	53	-10	67	-9	cell = 40 to 47
29	-6	16	-18	53	-10	2	32	cell = 48 to 55
28	-41	39	-17	72	10	76	5	cell = 56 to 63
67	-14	68	9	37	-40	63	-22	cell = 64 to 71
59	-2	57	-50	55	-20	51	-19	cell = 72 to 79
34	10	69	10	38	-16	29	-20	cell = 80 to 87
25	10	28	-9	41	-22	47	-18	cell = 88 to 95
59	9	54	-28	12	25	37	-32	cell = 96 to 103
10	-15	42	-7	36	-52	37	-11	cell = 104 to 111
61	-17	33	-25	21	-26	29	0	cell = 112 to 119
27	-14	33	1	4	-20	73	-19	cell = 120 to 127
82	-1	46	-31	45	-35	44	9	cell = 128 to 135
0	-33	48	-16	49	-62	19	-31	cell = 136 to 143
35	1	67	-9	56	-20	60	20	cell = 144 to 151
19	1	68	-16	65	7	22	-14	cell = 152 to 159
34	1	64	1	15	4	20	8	cell = 160 to 167
18	4	41	-16	32	15	52	-4	cell = 168 to 175
64	34	59	-35	50	2	67	-51	cell = 176 to 183
23	36	50	-4	38	23	35	-39	cell = 184 to 191
59	-31	59	-7	13	-7	42	9	cell = 192 to 199
32	-19	31	-29	54	-21	75	-21	cell = 200 to 207
55	-15	53	-10	44	4	47	-21	cell = 208 to 215
57	-4	39	-37	31	9	11	-16	cell = 216 to 223
42	17	65	3	31	-6	35	-25	cell = 224 to 231
49	-48	37	-24	18	17	59	-6	cell = 232 to 239
43	-34	37	-26	33	-6	31	-21	cell = 240 to 247
44	20	21	-27	58	-7	33	-35	cell = 248 to 255
55	-7	58	-8	42	-9	44	1	cell = 256 to 263
13	1	68	-19	72	-16	44	2	cell = 264 to 271
58	0	111	-35	58	-8	4	-19	cell = 272 to 279
48	-36	66	-10	14	-46	43	18	cell = 280 to 287
84	0	32	0	75	5	40	-4	cell = 288 to 295
30	14	53	0	64	-4	25	-12	cell = 296 to 303
40	3	63	7	0	-4	39	-2	cell = 304 to 311
51	-8	39	7	32	-11	27	40	cell = 312 to 319
28	-43	56	-17	51	4	23	59	cell = 320 to 327
24	14	62	18	45	-12	73	-39	cell = 328 to 335
72	-16	36	-2	60	-11	25	-16	cell = 336 to 343
16	4	46	9	25	-24	45	8	cell = 344 to 351
54	-24	76	17	11	19	36	11	cell = 352 to 359
65	-5	81	-14	102	15	58	-13	cell = 360 to 367
62	11	83	-16	83	-31	38	-43	cell = 368 to 375
14	0	61	25	80	-9	39	-3	cell = 376 to 383
62	9	48	20	15	6	24	-14	cell = 384 to 391
79	13	65	-31	96	-39	38	-26	cell = 392 to 399
24	-6	69	-13	60	23	42	-12	cell = 400 to 407
54	-16	57	-35	39	-13	43	-18	cell = 408 to 415
56	-23	15	-25	40	-14	59	-16	cell = 416 to 423
6	15	14	-7	32	5	47	-2	cell = 424 to 431
38	5	42	-5	4	11	53	-19	cell = 432 to 439
17	-16	55	-17	53	12	72	10	cell = 440 to 447
81	27	45	-48	52	-14	31	-19	cell = 448 to 455
23	-10	35	-8	62	-1	50	-19	cell = 456 to 463
77	-15	33	28	18	-49	10	-31	cell = 464 to 471
50	-18	18	2	57	-27	46	-26	cell = 472 to 479
53	-62	3	-3	74	-28	42	-45	cell = 480 to 487
41	-14	33	-24	41	5	30	2	cell = 488 to 495
43	-18	-15	-51	-46	-93	-31	-88	cell = 496 to 503
36	-7	25	-54	68	-42	4	-28	cell = 504 to 511
-19	20	8	-2	-33	-5	-44	10	cell = 512 to 519
-63	-57	-14	-26	-14	33	-22	31	cell = 520 to 527
10	-79	-24	22	-17	28	-37	-37	cell = 528 to 535
-36	-48	-22	9	-26	-33	-33	-13	cell = 536 to 543
-62	17	-35	-49	-1	-3	-36	-15	cell = 544 to 551
-26	-17	-46	4	-73	-14	-13	-9	cell = 552 to 559
-45	-24	-45	34	-12	-23	-16	-25	cell = 560 to 567
-41	19	2	-44	-15	-9	-50	-65	cell = 568 to 575
-16	-26	11	-18	-21	-45	-29	-9	cell = 576 to 583
-2	-22	-26	7	-60	-50	-31	-13	cell = 584 to 591
-18	-1	-4	-19	-49	7	-42	14	cell = 592 to 599
-19	-10	-36	-30	16	7	-15	-27	cell = 600 to 607
-36	-21	-35	-54	-7	-15	-45	8	cell = 608 to 615
-6	2	-17	-28	-44	-21	13	-20	cell = 616 to 623
-4	-19	-8	-26	-46	-25	-1	-40	cell = 624 to 631
1	-16	-20	0	15	36	-49	23	cell = 632 to 639
-45	12	-7	9	-48	21	26	-22	cell = 640 to 647
-64	-26	7	-20	-22	1	8	-5	cell = 648 to 655
8	-36	-46	-12	6	-51	-49	0	cell = 656 to 663
-23	-1	-39	-22	-15	6	-43	4	cell = 664 to 671
-26	-15	-32	-43	-12	-14	-22	-6	cell = 672 to 679
-17	-11	-11	-12	13	-34	-3	17	cell = 680 to 687
-51	-16	-9	-44	-9	-44	-38	-26	cell = 688 to 695
-3	-33	15	-35	-17	-25	18	-6	cell = 696 to 703
-17	-8	31	-31	-38	26	-38	-2	cell = 704 to 711
-29	-27	-11	-12	-2	3	-6	-11	cell = 712 to 719
-52	-34	-42	-11	33	-16	31	-60	cell = 720 to 727
-15	25	-39	-48	3	-31	2	-21	cell = 728 to 735
-9	10	-44	-8	20	20	1	-44	cell = 736 to 743
-42	-9	-23	3	-17	-29	-28	16	cell = 744 to 751
-6	-2	-16	2	-7	-13	-28	-32	cell = 752 to 759
-29	-8	-11	-50	-6	-29	-35	1	cell = 760 to 767
-7	-20	-24	-24	9	15	-27	-24	cell = 768 to 775
-29	22	14	-28	1	-47	-29	-17	cell = 776 to 783
-9	12	-29	-26	9	-28	-57	27	cell = 784 to 791
-23	-52	-17	2	-21	-35	-17	21	cell = 792 to 799
-37	-50	-26	20	-15	-14	-16	4	cell = 800 to 807
-14	-16	-20	-7	-7	-26	-36	-8	cell = 808 to 815
-65	-8	-16	-23	-46	-12	-55	1	cell = 816 to 823
-45	-22	-1	-19	4	21	13	8	cell = 824 to 831
-31	16	-5	-28	-2	1	-8	-17	cell = 832 to 839
-16	-16	14	-23	-63	-43	-18	-25	cell = 840 to 847
25	-42	-30	11	-16	16	-25	14	cell = 848 to 855
-17	-30	-34	16	-32	-8	17	-2	cell = 856 to 863
-18	-19	-32	-8	2	-19	-16	2	cell = 864 to 871
-33	0	-37	-54	10	2	-24	-11	cell = 872 to 879
-12	-17	-31	23	-38	15	-32	-16	cell = 880 to 887
-6	-12	-13	-45	-36	-8	24	-59	cell = 888 to 895
-14	15	-23	-27	1	-23	-48	-5	cell = 896 to 903
-14	-36	-5	3	-26	-72	-18	14	cell = 904 to 911
-11	-19	-39	-16	14	-1	-14	-43	cell = 912 to 919
-65	-13	-18	-9	-37	32	-13	15	cell = 920 to 927
-13	-33	-56	-2	2	-4	-35	-13	cell = 928 to 935
-25	-2	-45	26	-16	-34	1	-6	cell = 936 to 943
0	-4	18	-6	13	-28	-42	-25	cell = 944 to 951
-3	-36	-19	-21	0	-14	-15	-16	cell = 952 to 959
-31	2	-20	-8	-16	5	2	6	cell = 960 to 967
-18	-18	-7	-25	-15	-5	-12	26	cell = 968 to 975
-12	-16	-2	-5	-16	17	-5	-24	cell = 976 to 983
-15	-7	-18	-59	36	-10	-64	26	cell = 984 to 991
-12	-7	-18	-18	-30	-15	-21	-48	cell = 992 to 999
-29	-22	-35	-27	-22	-15	-25	10	cell = 1000 to 1007
-57	-41	-30	-45	-38	-18	-63	-18	cell = 1008 to 1015
-10	-41	-26	-45	-37	-44	-13	0	cell = 1016 to 1023
Calibration values from cell 0 to 1024 for channel 3:

54	-32	29	-2	14	-30	60	-22	cell = 0 to 7
55	13	19	-27	58	-31	101	16	cell = 8 to 15
57	-16	18	-58	59	-7	86	-13	cell = 16 to 23
36	0	11	-32	7	-27	20	-16	cell = 24 to 31
15	1	-9	-15	68	6	26	-19	cell = 32 to 39
30	38	65	-26	13	-18	35	-20	cell = 40 to 47
30	10	27	6	45	-22	46	-50	cell = 48 to 55
45	-25	47	0	35	-7	51	11	cell = 56 to 63
33	13	11	12	16	-42	25	-1	cell = 64 to 71
42	-9	9	-35	31	4	41	9	cell = 72 to 79
68	-5	33	7	49	-11	57	-26	cell = 80 to 87
54	0	58	-47	10	16	17	-59	cell = 88 to 95
38	-33	57	5	58	-3	15	19	cell = 96 to 103
36	-46	33	-12	48	-1	74	2	cell = 104 to 111
60	-22	22	16	42	-28	54	34	cell = 112 to 119
43	-22	36	10	33	4	23	-29	cell = 120 to 127
42	14	52	-20	95	-18	48	-29	cell = 128 to 135
46	20	10	0	62	3	47	4	cell = 136 to 143
19	5	73	-53	59	-30	24	18	cell = 144 to 151
38	-9	98	5	49	-33	10	12	cell = 152 to 159
41	14	35	11	23	-19	29	-13	cell = 160 to 167
62	21	30	3	24	10	48	2	cell = 168 to 175
32	44	22	-33	48	19	51	15	cell = 176 to 183
45	-31	17	0	41	24	35	3	cell = 184 to 191
102	-13	64	-7	43	-11	27	-9	cell = 192 to 199
35	4	46	16	14	-2	81	-14	cell = 200 to 207
19	-15	45	1	66	-19	28	-24	cell = 208 to 215
35	8	64	-14	56	-25	39	22	cell = 216 to 223
57	-33	30	10	46	11	76	-8	cell = 224 to 231
44	-35	54	4	69	-1	59	5	cell = 232 to 239
59	4	34	10	26	19	62	-7	cell = 240 to 247
60	-19	69	-21	65	8	36	18	cell = 248 to 255
40	-8	68	-7	40	-29	15	-6	cell = 256 to 263
24	23	2	-37	58	17	38	-20	cell = 264 to 271
34	36	40	-18	28	-36	67	-11	cell = 272 to 279
93	-38	32	-49	27	-8	37	-10	cell = 280 to 287
37	-34	57	12	75	-7	21	-7	cell = 288 to 295
28	-15	33	-26	-6	-12	74	-36	cell = 296 to 303
55	7	64	-10	84	0	36	-18	cell = 304 to 311
57	0	57	21	23	13	23	-9	cell = 312 to 319
73	-26	12	5	63	10	86	-53	cell = 320 to 327
69	-27	39	-3	61	-14	65	-7	cell = 328 to 335
35	-23	60	-27	76	-20	52	7	cell = 336 to 343
72	-15	50	-8	19	-5	30	-8	cell = 344 to 351
62	-44	9	-47	79	-39	47	-49	cell = 352 to 359
52	26	40	-49	13	0	8	-7	cell = 360 to 367
47	3	37	-37	22	18	64	-22	cell = 368 to 375
51	-6	37	12	47	-17	27	8	cell = 376 to 383
37	-46	2	20	60	6	19	-2	cell = 384 to 391
61	-4	51	16	63	12	76	-16	cell = 392 to 399
49	-16	35	-25	54	-7	12	-12	cell = 400 to 407
68	-10	45	-13	10	30	80	-25	cell = 408 to 415
29	32	38	0	58	-27	87	-37	cell = 416 to 423
39	-4	17	-55	30	-3	20	-7	cell = 424 to 431
24	-8	67	23	60	-1	81	-14	cell = 432 to 439
30	-35	86	-6	35	10	77	1	cell = 440 to 447
43	24	25	1	36	-12	5	0	cell = 448 to 455
38	-18	41	-20	39	-3	64	-24	cell = 456 to 463
54	24	52	-20	44	-26	41	18	cell = 464 to 471
52	-5	52	-18	76	-27	12	2	cell = 472 to 479
21	-8	33	-17	40	0	39	6	cell = 480 to 487
63	-17	8	13	61	-18	40	20	cell = 488 to 495
29	-14	-20	-103	-42	-91	15	-92	cell = 496 to 503
4	8	-3	11	62	-15	8	-37	cell = 504 to 511
-24	0	4	-39	14	-8	-40	-11	cell = 512 to 519
-16	-29	20	-32	-23	12	-18	-20	cell = 520 to 527
-41	-28	-22	-28	-32	-19	-32	-4	cell = 528 to 535
25	-39	-30	1	-20	-26	-21	12	cell = 536 to 543
-31	-30	-16	-6	-4	-21	-13	13	cell = 544 to 551
-13	-32	-7	-2	-25	0	-18	-11	cell = 552 to 559
4	-5	14	37	-44	-50	-4	-30	cell = 560 to 567
-34	-7	-33	-34	-25	-61	-29	13	cell = 568 to 575
-17	-14	18	24	-38	-13	-9	-50	cell = 576 to 583
0	14	-38	-17	-33	22	-16	2	cell = 584 to 591
-25	-31	-18	3	-37	20	-35	-29	cell = 592 to 599
-22	-24	-9	-24	-36	-8	-19	12	cell = 600 to 607
-29	-14	8	-33	-20	2	-5	-16	cell = 608 to 615
-17	-17	1	52	4	-12	-45	-46	cell = 616 to 623
-45	-26	6	-4	-28	8	-10	-27	cell = 624 to 631
-21	-23	-46	-5	-6	12	-12	2	cell = 632 to 639
-28	11	0	43	-45	-19	-9	0	cell = 640 to 647
3	-33	-34	-45	-48	-41	12	-2	cell = 648 to 655
4	19	-23	-29	-50	11	7	-14	cell = 656 to 663
9	36	-48	-39	-40	-37	-19	-19	cell = 664 to 671
-8	26	-59	-4	-43	-20	14	-20	cell = 672 to 679
13	9	-24	-41	-41	20	-11	21	cell = 680 to 687
2	8	-19	-30	-17	4	-36	-22	cell = 688 to 695
-7	-17	-39	-8	-38	-24	-62	-8	cell = 696 to 703
-47	-2	-25	-43	-40	-5	-22	33	cell = 704 to 711
10	-22	-20	-16	29	-26	-31	-36	cell = 712 to 719
2	13	-44	-9	-48	-56	-36	-55	cell = 720 to 727
-35	8	-42	-20	-56	-25	-34	-23	cell = 728 to 735
-25	-40	-4	-18	-2	1	4	-5	cell = 736 to 743
12	-8	-4	1	2	-17	-41	-41	cell = 744 to 751
-27	10	-22	-33	-6	-15	1	-46	cell = 752 to 759
-4	-40	-6	-31	-48	-20	-19	-28	cell = 760 to 767
5	13	-26	-5	-14	-26	0	-17	cell = 768 to 775
-40	6	-57	-56	1	-25	-7	-5	cell = 776 to 783
-12	-26	0	-10	2	-29	39	-10	cell = 784 to 791
1	-20	-66	-3	1	-8	2	7	cell = 792 to 799
-34	-11	-32	-33	-8	-10	-19	-16	cell = 800 to 807
9	-11	-41	-4	-48	12	-10	2	cell = 808 to 815
-60	-9	-37	-18	-20	10	-53	-31	cell = 816 to 823
-27	-5	-42	9	-40	25	-17	12	cell = 824 to 831
-2	-11	-8	12	-24	3	5	-12	cell = 832 to 839
-6	-2	0	-13	2	19	-9	-16	cell = 840 to 847
-8	8	-26	-21	-36	10	-13	-32	cell = 848 to 855
-28	-15	45	-44	-49	17	-19	-10	cell = 856 to 863
-9	-19	19	-7	-41	-11	-49	-26	cell = 864 to 871
-4	-32	-42	-43	-12	-20	-32	5	cell = 872 to 879
-9	-33	-46	-42	-19	-12	-14	-49	cell = 880 to 887
7	-23	-39	-22	-2	8	-15	7	cell = 888 to 895
-34	-15	-48	-6	-34	29	-21	-13	cell = 896 to 903
0	-10	-12	21	-5	-40	-20	-7	cell = 904 to 911
-27	21	-11	-3	-2	-38	-20	4	cell = 912 to 919
-3	-32	10	-12	-26	-41	-24	-27	cell = 920 to 927
-10	-14	-26	-47	-21	29	-33	24	cell = 928 to 935
-18	-55	-14	2	-19	-36	-31	-22	cell = 936 to 943
-56	-38	-31	20	12	-22	-62	-47	cell = 944 to 951
-8	-41	-45	0	-62	-30	6	1	cell = 952 to 959
-19	-60	-12	-27	-31	-13	9	-22	cell = 960 to 967
-4	-22	16	6	-7	3	2	23	cell = 968 to 975
-37	-31	-29	-42	-58	-22	-45	-30	cell = 976 to 983
-13	-41	-15	22	-12	2	-22	-14	cell = 984 to 991
-14	-2	-11	-55	2	-34	-55	-50	cell = 992 to 999
5	-20	-30	-35	-12	-37	-20	-1	cell = 1000 to 1007
-56	-9	-56	-49	-16	8	-50	-64	cell = 1008 to 1015
-8	-51	-32	-2	4	-36	11	-19	cell = 1016 to 1023
Calibration values from cell 0 to 1024 for channel 4:

-5	-15	25	-22	6	-32	34	31	cell = 0 to 7
70	-19	-3	1	-7	-44	33	-10	cell = 8 to 15
58	5	59	-21	44	-9	39	-25	cell = 16 to 23
26	-25	24	-12	30	-52	58	-22	cell = 24 to 31
62	16	42	25	63	-8	71	-13	cell = 32 to 39
76	-1	61	-2	39	-13	31	15	cell = 40 to 47
50	21	30	-15	46	-17	79	-23	cell = 48 to 55
78	-3	55	1	1	11	51	-35	cell = 56 to 63
76	0	33	-3	44	-33	59	2	cell = 64 to 71
28	42	68	12	44	22	56	8	cell = 72 to 79
34	-19	52	-9	22	36	23	-21	cell = 80 to 87
36	-27	53	12	70	-42	7	7	cell = 88 to 95
42	-12	42	-51	4	-14	37	-3	cell = 96 to 103
50	-2	55	-32	16	13	40	-27	cell = 104 to 111
40	14	77	-33	42	-11	21	-6	cell = 112 to 119
31	17	32	-5	47	32	42	12	cell = 120 to 127
37	18	34	8	42	-29	16	-21	cell = 128 to 135
21	5	59	2	36	-17	55	-33	cell = 136 to 143
61	-9	8	-7	26	0	90	-42	cell = 144 to 151
61	-19	17	13	89	-36	17	-14	cell = 152 to 159
28	-7	69	26	46	-22	62	5	cell = 160 to 167
40	4	61	16	38	37	30	23	cell = 168 to 175
41	-8	30	-27	63	-4	22	-27	cell = 176 to 183
77	6	29	-19	25	-27	47	-14	cell = 184 to 191
47	-6	54	-14	59	-42	53	-8	cell = 192 to 199
25	-13	47	-18	91	-6	70	-7	cell = 200 to 207
52	-2	52	13	80	-44	69	23	cell = 208 to 215
62	0	13	-39	81	-27	63	9	cell = 216 to 223
33	-33	34	-36	45	14	59	5	cell = 224 to 231
28	7	37	-10	47	12	49	10	cell = 232 to 239
43	-22	52	-20	27	24	17	13	cell = 240 to 247
44	-34	35	0	55	-5	48	-28	cell = 248 to 255
36	56	45	-18	62	15	44	-58	cell = 256 to 263
57	-51	70	-2	52	11	62	2	cell = 264 to 271
43	6	6	27	64	35	40	-16	cell = 272 to 279
58	-2	27	0	37	-8	50	-23	cell = 280 to 287
25	-3	56	6	79	0	60	-4	cell = 288 to 295
42	36	37	-30	33	-46	84	-11	cell = 296 to 303
43	-24	59	-15	38	-30	35	-6	cell = 304 to 311
37	-11	43	28	48	5	30	-11	cell = 312 to 319
22	13	30	15	29	30	43	-31	cell = 320 to 327
38	-24	62	-2	48	30	33	-7	cell = 328 to 335
25	3	48	-18	14	-6	40	-2	cell = 336 to 343
51	-15	24	-30	30	-12	28	-13	cell = 344 to 351
15	-16	53	5	15	-17	36	20	cell = 352 to 359
47	7	45	-12	71	-33	24	4	cell = 360 to 367
-5	-13	53	-28	60	13	64	-18	cell = 368 to 375
55	-7	47	-8	31	15	64	-35	cell = 376 to 383
36	16	47	20	6	-3	53	-11	cell = 384 to 391
67	-27	20	24	52	-2	29	19	cell = 392 to 399
27	14	18	-9	20	0	59	-8	cell = 400 to 407
89	-27	48	6	37	-22	24	-36	cell = 408 to 415
59	-22	53	-32	49	-28	46	1	cell = 416 to 423
18	-19	25	-5	37	14	31	-1	cell = 424 to 431
57	-11	32	-20	40	-21	28	14	cell = 432 to 439
10	-14	30	0	58	2	25	5	cell = 440 to 447
44	4	50	-3	30	2	30	-33	cell = 448 to 455
40	-14	47	-16	53	-25	72	7	cell = 456 to 463
41	0	65	3	56	-29	44	-11	cell = 464 to 471
41	-29	24	-19	25	-5	6	-23	cell = 472 to 479
37	-15	77	9	47	-40	38	-21	cell = 480 to 487
2	-15	59	8	-10	-27	55	4	cell = 488 to 495
73	5	-8	-96	-34	-73	-11	-48	cell = 496 to 503
36	0	-3	-10	35	-22	58	-12	cell = 504 to 511
1	-62	-21	-42	-14	-35	0	-42	cell = 512 to 519
-49	-20	-53	25	-32	-29	-36	-7	cell = 520 to 527
-13	-21	-35	-24	-41	-46	-11	-39	cell = 528 to 535
-11	-11	-22	11	-2	-17	-42	-5	cell = 536 to 543
2	-5	-1	-26	-26	-14	-40	-28	cell = 544 to 551
-20	-31	-5	3	-18	-8	-67	-1	cell = 552 to 559
-21	9	19	-3	-29	-8	2	-12	cell = 560 to 567
-32	-14	-19	-42	-60	-14	-25	-3	cell = 568 to 575
-30	-16	12	-17	-26	-12	-16	-9	cell = 576 to 583
-40	-40	17	-11	-27	-42	1	-3	cell = 584 to 591
-30	0	-28	-2	2	-32	-73	-8	cell = 592 to 599
-13	-27	-18	-41	-24	-48	-16	1	cell = 600 to 607
22	13	-13	-13	-27	-58	-15	-25	cell = 608 to 615
-18	4	-40	-2	7	2	2	-37	cell = 616 to 623
-25	-6	-13	15	-45	-36	-56	6	cell = 624 to 631
-36	-19	8	-32	-36	-7	-51	-21	cell = 632 to 639
5	22	-24	18	-11	6	-48	0	cell = 640 to 647
-20	-13	-10	-25	-17	-22	-25	8	cell = 648 to 655
-23	-35	8	-35	-26	-21	-15	-55	cell = 656 to 663
-34	-16	-49	-10	-13	-3	-55	-13	cell = 664 to 671
-6	-21	-6	0	-31	3	-61	7	cell = 672 to 679
-19	-13	-8	-10	-46	30	0	1	cell = 680 to 687
-19	5	32	-19	8	-37	-21	-24	cell = 688 to 695
-18	-23	-12	-27	-51	-24	-11	-25	cell = 696 to 703
-4	-21	-32	-13	20	-26	-5	-44	cell = 704 to 711
-39	-21	-24	-13	13	-57	-22	-7	cell = 712 to 719
-54	-6	51	0	-34	4	-5	-6	cell = 720 to 727
-56	-5	-43	-36	-25	33	-38	2	cell = 728 to 735
9	12	-32	-34	-45	-14	-6	7	cell = 736 to 743
-15	-23	-5	-31	-26	-32	0	-9	cell = 744 to 751
-18	-6	-34	-25	-38	3	-13	-14	cell = 752 to 759
-7	14	-24	-32	-33	-10	18	30	cell = 760 to 767
-3	-33	-50	-7	-34	18	-18	-5	cell = 768 to 775
-5	4	-30	-5	23	-2	-8	14	cell = 776 to 783
-40	-34	-36	-33	-17	-10	-12	-8	cell = 784 to 791
-42	-55	19	-28	-12	-8	-52	-34	cell = 792 to 799
-2	-1	-10	4	-33	16	-27	-20	cell = 800 to 807
-9	-18	1	10	-66	-17	-2	2	cell = 808 to 815
-26	-6	-16	-29	5	-5	-24	4	cell = 816 to 823
-33	15	-21	16	20	-31	-40	28	cell = 824 to 831
-22	-26	-14	-2	-33	-12	-8	-1	cell = 832 to 839
2	6	-14	8	28	-14	-28	-100	cell = 840 to 847
-14	-15	-63	-10	-14	-19	-15	-76	cell = 848 to 855
9	-18	-26	-10	-36	-1	4	-26	cell = 856 to 863
-32	26	-67	-8	17	23	3	-31	cell = 864 to 871
-54	-54	-41	-32	0	-17	-8	14	cell = 872 to 879
22	-5	-18	-10	-3	-18	-28	5	cell = 880 to 887
-34	-29	-11	-20	5	-29	-39	-41	cell = 888 to 895
-9	-6	10	-6	17	-59	-51	-33	cell = 896 to 903
-44	-40	-26	-3	23	-37	-24	6	cell = 904 to 911
-23	11	-27	-15	-37	0	9	-42	cell = 912 to 919
1	-28	-31	25	12	28	-14	-19	cell = 920 to 927
1	-26	-7	-18	-5	-12	-42	1	cell = 928 to 935
-9	-4	-26	-60	-12	-38	-16	6	cell = 936 to 943
-11	-5	-20	-6	17	-37	1	12	cell = 944 to 951
-35	-27	-24	-30	-52	11	-24	-21	cell = 952 to 959
6	-10	-20	16	-16	-26	-37	5	cell = 960 to 967
-16	23	-15	-67	-15	17	-32	-17	cell = 968 to 975
-18	-42	-28	-18	-3	-25	-2	0	cell = 976 to 983
-26	-23	-25	-46	-39	-37	-30	-20	cell = 984 to 991
-21	-52	-69	-32	-9	-7	-19	-46	cell = 992 to 999
-5	2	-13	-32	15	-8	-9	-49	cell = 1000 to 1007
-35	-25	-50	-16	-4	-47	-49	-34	cell = 1008 to 1015
-23	-22	-31	2	-17	-23	-22	6	cell = 1016 to 1023
Calibration values from cell 0 to 1024 for channel 5:

20	8	33	-33	60	11	32	0	cell = 0 to 7
35	-24	26	-19	13	-13	22	-8	cell = 8 to 15
51	2	68	-7	38	-52	38	14	cell = 16 to 23
46	5	30	-12	50	-62	24	20	cell = 24 to 31
64	-11	80	-13	12	8	66	-15	cell = 32 to 39
41	17	65	-4	47	0	27	-39	cell = 40 to 47
31	-27	63	-29	28	15	66	33	cell = 48 to 55
0	-49	30	-14	54	-29	28	-40	cell = 56 to 63
52	-19	66	-41	37	-3	63	13	cell = 64 to 71
35	-15	24	-13	36	10	32	-1	cell = 72 to 79
20	29	19	9	46	-49	38	11	cell = 80 to 87
58	-22	22	-42	67	-12	59	-14	cell = 88 to 95
44	-18	54	-15	21	-15	62	-31	cell = 96 to 103
44	4	59	34	56	18	38	0	cell = 104 to 111
35	-6	68	-3	40	-14	40	-26	cell = 112 to 119
34	0	35	-20	34	4	50	-4	cell = 120 to 127
55	-9	68	-10	52	13	66	-39	cell = 128 to 135
32	-28	76	-12	26	-7	51	-5	cell = 136 to 143
66	6	58	-21	109	3	50	-1	cell = 144 to 151
49	-20	62	7	34	-31	41	-27	cell = 152 to 159
56	3	20	-27	72	-12	73	8	cell = 160 to 167
17	28	41	-42	32	-23	31	-18	cell = 168 to 175
62	29	65	-39	41	4	30	3	cell = 176 to 183
23	25	26	4	7	29	45	-27	cell = 184 to 191
55	30	55	30	32	17	0	-20	cell = 192 to 199
8	9	13	15	24	-26	47	-34	cell = 200 to 207
50	5	22	14	24	-6	40	4	cell = 208 to 215
26	-25	71	-21	23	18	24	-29	cell = 216 to 223
40	14	31	11	37	6	76	31	cell = 224 to 231
71	-27	34	15	34	-49	72	1	cell = 232 to 239
37	19	66	1	79	-10	30	-38	cell = 240 to 247
45	0	16	-24	46	21	42	-28	cell = 248 to 255
73	17	26	-24	42	-10	56	-2	cell = 256 to 263
79	8	20	-5	47	-16	37	-13	cell = 264 to 271
52	-9	20	-39	34	0	77	-5	cell = 272 to 279
59	20	45	-2	25	-10	62	-4	cell = 280 to 287
9	48	22	-29	44	-37	46	0	cell = 288 to 295
42	8	28	-6	2	15	51	-4	cell = 296 to 303
48	2	55	-21	41	-5	45	-21	cell = 304 to 311
53	-16	45	-39	48	2	42	-26	cell = 312 to 319
45	-26	16	14	25	-3	30	15	cell = 320 to 327
25	18	30	0	20	-5	34	-5	cell = 328 to 335
0	-18	37	-53	53	-17	40	-19	cell = 336 to 343
28	-4	30	0	26	-2	53	-7	cell = 344 to 351
34	-18	42	1	54	-8	27	-1	cell = 352 to 359
13	-8	43	-24	12	-7	59	28	cell = 360 to 367
56	-6	17	-14	32	-3	33	-24	cell = 368 to 375
30	-14	52	19	18	8	56	22	cell = 376 to 383
39	-2	20	-27	54	15	27	16	cell = 384 to 391
85	-36	45	-12	46	-7	40	-12	cell = 392 to 399
22	7	28	18	52	-17	50	-12	cell = 400 to 407
46	11	45	-30	68	-14	38	-14	cell = 408 to 415
53	4	42	-14	32	23	77	10	cell = 416 to 423
21	25	39	15	37	13	52	-4	cell = 424 to 431
-19	-20	73	-45	51	5	73	-24	cell = 432 to 439
27	-24	60	-27	50	-25	43	-46	cell = 440 to 447
47	7	53	-16	62	3	34	-35	cell = 448 to 455
47	-14	42	-9	71	26	43	1	cell = 456 to 463
12	-17	42	-48	26	-6	44	-8	cell = 464 to 471
9	3	87	12	44	-32	27	3	cell = 472 to 479
25	0	28	-20	20	-4	16	7	cell = 480 to 487
37	-31	34	-6	21	-3	48	-25	cell = 488 to 495
15	35	-14	-96	-34	-53	-30	-77	cell = 496 to 503
45	3	22	-26	37	-4	37	-30	cell = 504 to 511
-34	-6	-51	-13	-31	19	-47	17	cell = 512 to 519
-18	-40	11	6	-29	15	-63	-7	cell = 520 to 527
-36	-7	-4	-30	-34	-2	-16	-41	cell = 528 to 535
-26	-8	-41	-17	-6	-19	-11	-9	cell = 536 to 543
1	-14	-59	0	-34	-13	-30	-2	cell = 544 to 551
-37	-9	-26	12	-42	5	-18	-20	cell = 552 to 559
-23	-16	-12	-23	-29	-28	-6	0	cell = 560 to 567
6	-56	-11	-45	-17	0	-27	2	cell = 568 to 575
-38	-7	-19	-64	-2	-34	-33	-2	cell = 576 to 583
-19	22	-4	-2	-63	-33	-5	-19	cell = 584 to 591
-4	-3	2	9	1	-18	15	2	cell = 592 to 599
-34	-28	-29	-25	16	-42	-5	-32	cell = 600 to 607
-26	-32	-13	-5	-44	-30	-21	-28	cell = 608 to 615
-31	-30	-3	-26	3	10	-21	24	cell = 616 to 623
-4	-5	11	-25	-23	-27	-52	-8	cell = 624 to 631
-15	-32	-42	19	-5	-10	-20	-3	cell = 632 to 639
5	-12	-34	-26	-7	-19	-23	-43	cell = 640 to 647
-44	-6	-36	6	-9	-34	-3	-20	cell = 648 to 655
1	-29	-69	-21	-41	-18	-4	-18	cell = 656 to 663
-54	4	7	-27	-14	-8	13	-25	cell = 664 to 671
-18	-33	-30	-17	26	-31	-35	1	cell = 672 to 679
-47	-2	-28	-29	15	-8	13	-2	cell = 680 to 687
-23	11	-6	-21	-21	-14	-14	-46	cell = 688 to 695
-4	-43	-46	-18	-20	-14	-27	-15	cell = 696 to 703
-16	2	2	15	-40	-14	-53	-8	cell = 704 to 711
-6	29	-20	-23	-27	-20	-21	-4	cell = 712 to 719
-24	-19	-52	9	11	0	-52	-20	cell = 720 to 727
-41	-8	-19	-23	-40	-14	-13	13	cell = 728 to 735
-11	-41	-40	-27	-10	-28	-23	-57	cell = 736 to 743
-5	-13	-3	-17	-26	-16	-4	-16	cell = 744 to 751
-43	-5	-31	10	-30	-21	-5	-20	cell = 752 to 759
-32	17	-24	-2	-3	-12	-45	1	cell = 760 to 767
-53	-7	7	-21	-5	36	2	-18	cell = 768 to 775
-38	-31	-53	-4	-15	-32	-62	-44	cell = 776 to 783
-27	-9	-27	-14	-36	-22	-7	-49	cell = 784 to 791
-8	-28	4	-21	13	-24	5	16	cell = 792 to 799
-50	-14	-24	-37	-41	-12	-30	-17	cell = 800 to 807
-12	-13	-10	-8	-30	-29	-18	-1	cell = 808 to 815
-25	-22	-28	-47	12	-33	-33	13	cell = 816 to 823
-14	14	-64	-12	-63	28	-13	40	cell = 824 to 831
-22	4	-35	16	-12	-8	-23	-31	cell = 832 to 839
-23	-27	9	13	-51	-42	-17	-22	cell = 840 to 847
-5	-43	-1	-8	-11	-6	-40	9	cell = 848 to 855
-24	-34	-20	21	-8	-6	-4	-19	cell = 856 to 863
-18	-14	-2	-16	-30	4	-20	-5	cell = 864 to 871
1	-36	-24	-22	-33	-26	-4	-28	cell = 872 to 879
25	-18	13	-3	-17	-18	-9	-1	cell = 880 to 887
0	16	-44	-30	-21	4	10	8	cell = 888 to 895
-15	-20	7	-19	-23	-42	5	-24	cell = 896 to 903
-11	22	-12	-32	4	35	-14	7	cell = 904 to 911
6	-32	-65	-7	5	-19	47	-4	cell = 912 to 919
35	18	-11	1	8	5	-29	-10	cell = 920 to 927
-47	-17	-14	-14	27	-16	-4	-31	cell = 928 to 935
-30	-5	-16	-12	-37	-22	-11	-58	cell = 936 to 943
6	-9	-26	-19	-29	-7	-30	-12	cell = 944 to 951
-14	-63	-22	-41	-3	-13	12	-38	cell = 952 to 959
-15	-7	-10	-39	-41	1	-5	-31	cell = 960 to 967
-10	-23	10	-36	7	-1	-44	-20	cell = 968 to 975
22	-33	10	-31	-1	-21	-29	-15	cell = 976 to 983
-2	-4	-31	-13	-21	-27	-8	26	cell = 984 to 991
-4	23	-6	-25	-9	-16	-24	-35	cell = 992 to 999
-16	-3	-20	-4	10	-46	-40	-15	cell = 1000 to 1007
0	7	-28	-22	-20	-21	-31	-6	cell = 1008 to 1015
-58	-20	-25	-19	-7	-24	-29	-43	cell = 1016 to 1023
Calibration values from cell 0 to 1024 for channel 6:

32	-12	54	-26	18	-50	27	-14	cell = 0 to 7
30	5	29	1	42	14	39	11	cell = 8 to 15
38	10	22	-18	13	-15	39	-31	cell = 16 to 23
28	0	34	11	5	-20	24	-41	cell = 24 to 31
58	-11	30	22	19	-16	22	-33	cell = 32 to 39
21	16	27	-26	48	-30	32	8	cell = 40 to 47
23	-33	82	-29	77	-23	55	-19	cell = 48 to 55
30	7	38	-8	32	-19	16	-5	cell = 56 to 63
12	-16	35	1	42	6	63	-54	cell = 64 to 71
58	5	71	-28	27	-12	30	-1	cell = 72 to 79
85	-26	52	40	58	33	44	-43	cell = 80 to 87
43	1	48	-43	24	27	54	24	cell = 88 to 95
30	25	57	-9	56	25	69	-9	cell = 96 to 103
44	-10	51	-34	38	-17	16	-9	cell = 104 to 111
71	-24	55	15	7	-39	44	-10	cell = 112 to 119
36	-10	54	15	38	6	49	-34	cell = 120 to 127
66	4	19	-38	46	-16	44	-13	cell = 128 to 135
41	39	87	-17	44	10	48	7	cell = 136 to 143
10	-15	44	-16	86	-3	23	9	cell = 144 to 151
24	-13	7	-24	34	-13	0	-15	cell = 152 to 159
35	15	29	22	55	6	19	-30	cell = 160 to 167
63	28	43	6	64	-22	89	-27	cell = 168 to 175
68	-23	34	-24	39	15	22	-2	cell = 176 to 183
33	17	29	-12	0	-2	53	10	cell = 184 to 191
43	-26	23	-1	6	-11	45	-3	cell = 192 to 199
70	29	21	12	41	-7	30	-9	cell = 200 to 207
15	0	21	3	48	20	45	2	cell = 208 to 215
19	-18	49	-25	66	2	46	-21	cell = 216 to 223
36	16	39	-11	20	-14	73	0	cell = 224 to 231
65	-3	58	-28	37	-17	52	-11	cell = 232 to 239
67	-38	45	-3	17	-31	21	9	cell = 240 to 247
81	-9	18	-14	51	-33	53	-11	cell = 248 to 255
44	3	39	-12	56	2	69	-18	cell = 256 to 263
55	-17	34	-28	55	-14	82	-23	cell = 264 to 271
31	15	37	10	39	-23	39	3	cell = 272 to 279
70	-45	44	-34	51	-28	75	1	cell = 280 to 287
15	-15	10	-11	50	-41	49	-7	cell = 288 to 295
50	-5	22	15	70	9	33	-15	cell = 296 to 303
43	19	46	6	34	-18	49	-13	cell = 304 to 311
24	-4	24	-27	69	-23	73	-41	cell = 312 to 319
31	13	47	13	42	-2	38	-17	cell = 320 to 327
15	-13	-3	-22	30	6	29	43	cell = 328 to 335
20	-11	84	43	30	-12	55	7	cell = 336 to 343
68	-17	36	11	-10	4	47	-53	cell = 344 to 351
38	1	26	-3	58	9	46	5	cell = 352 to 359
33	-21	34	12	37	-21	22	3	cell = 360 to 367
52	-13	30	-17	13	4	42	-15	cell = 368 to 375
27	-33	40	45	23	-9	58	-12	cell = 376 to 383
45	-20	40	-13	30	6	9	-33	cell = 384 to 391
30	8	46	-11	14	2	46	-21	cell = 392 to 399
27	25	26	-26	40	-34	55	-39	cell = 400 to 407
52	-21	29	-24	37	0	35	-51	cell = 408 to 415
88	-1	87	-17	42	-30	59	-29	cell = 416 to 423
44	-34	77	9	40	5	54	-12	cell = 424 to 431
54	-9	-19	6	36	-29	83	4	cell = 432 to 439
-2	-14	7	15	53	2	57	25	cell = 440 to 447
55	-2	-10	-12	37	1	27	-24	cell = 448 to 455
42	-11	34	-11	37	-38	46	-7	cell = 456 to 463
29	-5	19	1	38	-14	46	25	cell = 464 to 471
33	15	51	9	72	-8	98	-34	cell = 472 to 479
53	22	64	19	44	45	68	-4	cell = 480 to 487
3	-30	33	-17	23	2	47	-9	cell = 488 to 495
57	-18	-36	-75	-43	-54	-56	-84	cell = 496 to 503
63	0	23	7	24	-2	4	-40	cell = 504 to 511
-43	-13	-13	-20	-33	-27	-35	-29	cell = 512 to 519
-14	21	4	20	-36	-1	11	-29	cell = 520 to 527
-19	-37	-42	-12	-35	-33	-32	6	cell = 528 to 535
-25	-40	-29	-16	-1	-16	9	39	cell = 536 to 543
-23	-2	-35	-31	-10	-3	-9	12	cell = 544 to 551
-45	-16	-9	-22	-27	3	-53	13	cell = 552 to 559
-29	-23	-16	-20	16	-31	-8	-43	cell = 560 to 567
-17	-20	-41	5	-24	-2	-6	-4	cell = 568 to 575
-23	46	-7	-29	-21	20	-26	-49	cell = 576 to 583
14	8	32	6	-13	1	-47	-27	cell = 584 to 591
-12	-29	-35	-25	1	-4	3	-4	cell = 592 to 599
-8	-35	10	12	-18	-15	-14	-31	cell = 600 to 607
-14	-24	-55	-23	-13	-22	-56	-12	cell = 608 to 615
6	-29	13	-1	7	-3	-10	-5	cell = 616 to 623
-36	26	20	0	-44	-7	-30	-2	cell = 624 to 631
-37	-39	21	-24	-34	-39	-31	-2	cell = 632 to 639
-26	-12	-18	-8	20	-28	-58	5	cell = 640 to 647
-30	7	-39	-20	-21	-12	-43	8	cell = 648 to 655
-14	-31	17	-7	-22	-36	12	3	cell = 656 to 663
11	-3	31	-5	26	14	-32	-5	cell = 664 to 671
-13	4	39	-9	-4	3	-34	-6	cell = 672 to 679
-51	-54	-13	5	-44	-1	-45	7	cell = 680 to 687
17	5	-75	-28	-32	-47	-7	-16	cell = 688 to 695
-21	-16	-16	-61	-12	-33	-7	-20	cell = 696 to 703
-40	-18	-27	-9	5	11	-3	-1	cell = 704 to 711
-34	6	-19	-19	-5	0	-27	1	cell = 712 to 719
2	16	-31	-25	3	-39	-21	-3	cell = 720 to 727
-57	-26	-45	-33	-29	27	-34	-56	cell = 728 to 735
14	-20	10	3	-29	-20	-8	-37	cell = 736 to 743
-28	-10	0	-7	-10	-8	4	-34	cell = 744 to 751
-27	-29	2	-21	-34	5	-3	0	cell = 752 to 759
-31	-28	-29	-14	-46	-21	-36	-17	cell = 760 to 767
-13	-17	-3	2	-14	30	-5	-37	cell = 768 to 775
-14	-6	-21	14	-11	-12	-49	12	cell = 776 to 783
-9	19	13	-18	-22	-7	-9	23	cell = 784 to 791
-29	-57	-14	-35	-15	-11	-37	-15	cell = 792 to 799
-16	-1	-20	-19	-2	-10	-25	43	cell = 800 to 807
-43	-39	-32	-36	6	-26	-51	24	cell = 808 to 815
-36	-16	-22	11	-33	-35	-29	-30	cell = 816 to 823
-39	-40	-18	2	-41	16	8	-3	cell = 824 to 831
0	-19	3	1	-31	-30	-17	-35	cell = 832 to 839
-34	-8	-27	-31	-44	-37	-15	8	cell = 840 to 847
-12	-27	-8	-13	-24	-24	-27	4	cell = 848 to 855
-6	24	24	-7	-35	-30	-27	-14	cell = 856 to 863
-50	-29	-9	5	-13	2	-8	-28	cell = 864 to 871
-30	-16	-45	2	-2	38	-16	-53	cell = 872 to 879
10	-39	17	-33	-2	-49	-34	-55	cell = 880 to 887
-32	-1	-20	-15	7	-25	-31	-23	cell = 888 to 895
-54	4	-25	-16	-46	1	11	-20	cell = 896 to 903
2	-11	14	-13	11	-7	4	-3	cell = 904 to 911
20	-5	-34	-17	-15	-8	-9	-39	cell = 912 to 919
-45	-48	-10	-20	-15	-2	-43	-6	cell = 920 to 927
-26	-46	-41	-28	-20	-18	5	0	cell = 928 to 935
19	-53	-16	31	-8	30	-55	10	cell = 936 to 943
-39	-16	-6	22	-37	-35	-54	-40	cell = 944 to 951
28	-19	-38	-22	-32	6	-65	-3	cell = 952 to 959
-19	-7	-22	-6	-17	-8	-22	19	cell = 960 to 967
-40	-10	-30	2	2	15	-42	-42	cell = 968 to 975
-4	-15	-28	-9	-16	-30	-28	0	cell = 976 to 983
-52	-22	8	-73	-10	-39	-26	-22	cell = 984 to 991
-46	-15	20	-21	-28	22	-36	-45	cell = 992 to 999
-34	17	-26	-29	-34	-8	-2	26	cell = 1000 to 1007
14	-19	-10	-13	-18	8	-23	-27	cell = 1008 to 1015
-43	-25	-39	-29	-18	20	-31	-19	cell = 1016 to 1023
Calibration values from cell 0 to 1024 for channel 7:

74	11	54	-23	65	-27	46	9	cell = 0 to 7
71	-11	61	-24	55	4	45	-13	cell = 8 to 15
16	6	66	-53	8	-20	46	-8	cell = 16 to 23
96	-48	59	-11	44	4	8	-4	cell = 24 to 31
29	11	74	-36	49	-24	43	48	cell = 32 to 39
14	-9	5	15	19	-24	32	-27	cell = 40 to 47
28	14	32	7	45	-21	18	0	cell = 48 to 55
14	18	54	-28	46	1	55	-25	cell = 56 to 63
34	-18	50	-62	24	-60	17	-27	cell = 64 to 71
44	3	26	-18	58	4	68	-17	cell = 72 to 79
19	10	38	8	61	-16	36	-17	cell = 80 to 87
-24	-15	90	-21	70	15	38	-7	cell = 88 to 95
22	9	26	4	5	-34	37	-10	cell = 96 to 103
38	-35	38	9	5	-37	58	0	cell = 104 to 111
15	-39	34	-38	23	2	12	-50	cell = 112 to 119
48	-24	27	3	28	0	39	7	cell = 120 to 127
74	9	54	-8	71	-31	32	-8	cell = 128 to 135
43	-29	31	-19	14	25	20	25	cell = 136 to 143
49	16	76	-39	29	23	42	-15	cell = 144 to 151
32	-16	58	1	19	-41	54	-7	cell = 152 to 159
72	-18	64	-29	54	-1	62	9	cell = 160 to 167
27	-43	34	-32	52	3	34	11	cell = 168 to 175
35	10	27	3	80	-44	24	-15	cell = 176 to 183
29	-8	46	-54	31	14	54	3	cell = 184 to 191
24	-4	15	1	22	-44	55	-5	cell = 192 to 199
83	-5	34	-26	31	38	24	-45	cell = 200 to 207
63	-47	53	-51	27	-33	59	-3	cell = 208 to 215
62	1	41	-38	56	14	73	-37	cell = 216 to 223
31	-33	13	22	48	-26	40	20	cell = 224 to 231
5	-28	63	-17	47	22	27	-11	cell = 232 to 239
46	14	23	-17	37	9	23	-22	cell = 240 to 247
43	34	40	-2	29	-22	76	18	cell = 248 to 255
50	28	20	-23	54	-23	51	-20	cell = 256 to 263
48	-46	57	12	71	-26	18	11	cell = 264 to 271
53	-23	32	-5	86	16	44	28	cell = 272 to 279
38	-46	47	-5	72	-27	65	-2	cell = 280 to 287
11	-9	58	-28	50	-11	54	7	cell = 288 to 295
8	6	45	-39	30	-21	61	-13	cell = 296 to 303
54	17	66	-36	57	-5	38	-37	cell = 304 to 311
56	-3	47	3	40	-14	12	9	cell = 312 to 319
41	14	52	-2	63	-14	60	-35	cell = 320 to 327
22	33	72	1	37	-23	63	-28	cell = 328 to 335
39	26	2	-3	43	5	68	-18	cell = 336 to 343
59	-7	72	-44	-22	-16	57	-4	cell = 344 to 351
42	-3	28	-35	19	-10	35	-5	cell = 352 to 359
38	0	49	-55	29	18	36	2	cell = 360 to 367
59	-13	40	-16	26	12	39	18	cell = 368 to 375
46	10	37	5	21	24	11	0	cell = 376 to 383
53	-11	20	-10	46	4	16	31	cell = 384 to 391
32	-4	33	-24	68	-2	61	11	cell = 392 to 399
45	15	31	-28	28	4	49	-26	cell = 400 to 407
44	-17	35	-4	42	2	33	-18	cell = 408 to 415
34	-7	57	-34	-13	12	20	-26	cell = 416 to 423
29	17	25	59	55	7	53	-2	cell = 424 to 431
50	13	38	-23	10	-6	4	9	cell = 432 to 439
9	11	35	-21	40	-27	24	-14	cell = 440 to 447
59	-26	57	-13	31	-44	63	-33	cell = 448 to 455
3	18	-15	-15	39	-2	51	-46	cell = 456 to 463
55	4	78	4	60	-12	23	3	cell = 464 to 471
54	18	60	-24	43	-8	48	-59	cell = 472 to 479
58	13	48	-19	31	-1	70	-10	cell = 480 to 487
42	7	53	-13	39	-4	24	11	cell = 488 to 495
30	-25	-28	-70	-47	-66	-25	-123	cell = 496 to 503
41	14	16	7	11	-11	54	-5	cell = 504 to 511
-10	-3	20	-30	0	-32	-76	-14	cell = 512 to 519
-47	-23	-22	-1	7	-10	-33	-24	cell = 520 to 527
-11	-28	-13	39	-13	-44	-29	-14	cell = 528 to 535
-12	-49	-21	-17	-19	-5	-19	-2	cell = 536 to 543
10	-49	-46	6	-40	-7	-34	15	cell = 544 to 551
-37	-4	-27	-4	-17	-3	-19	-8	cell = 552 to 559
-65	-50	1	-30	-14	24	1	-10	cell = 560 to 567
-16	-30	-32	-48	-43	-12	-45	-19	cell = 568 to 575
-24	-27	-16	-2	-50	-11	-40	-26	cell = 576 to 583
-15	-50	-43	-3	-7	-24	9	-6	cell = 584 to 591
9	4	-40	4	-16	-19	15	-49	cell = 592 to 599
-9	-43	-14	6	-18	-30	-10	-39	cell = 600 to 607
-23	23	-21	-17	-2	6	-44	-25	cell = 608 to 615
-13	-22	-32	-2	-7	-12	-9	18	cell = 616 to 623
7	13	0	11	-48	-22	-24	-22	cell = 624 to 631
6	-48	-51	-7	-14	-30	-18	3	cell = 632 to 639
11	-5	0	-4	-39	-4	2	-61	cell = 640 to 647
-16	-52	2	0	-45	-6	-15	36	cell = 648 to 655
-17	-24	-23	-20	-4	-37	-26	-12	cell = 656 to 663
-28	-18	-49	-11	-7	-27	-22	38	cell = 664 to 671
10	-23	-8	-21	-45	-4	-9	-23	cell = 672 to 679
7	-41	17	-6	7	-16	-39	-16	cell = 680 to 687
-35	18	-37	-25	-45	-33	-34	-7	cell = 688 to 695
-28	-40	-5	-29	-20	-33	22	10	cell = 696 to 703
-10	9	-18	-4	-2	-13	-17	-22	cell = 704 to 711
-37	-15	-40	-8	-9	-9	-2	-4	cell = 712 to 719
-26	16	14	-52	3	18	-5	-44	cell = 720 to 727
7	-3	-33	-7	-22	0	3	-28	cell = 728 to 735
26	39	-29	-9	-1	-54	-35	-31	cell = 736 to 743
-33	-17	-29	-19	2	6	-53	20	cell = 744 to 751
10	-28	-58	3	-32	-43	-49	0	cell = 752 to 759
-46	-47	4	-20	9	-20	-35	-10	cell = 760 to 767
-25	-31	-16	27	-7	-25	-27	3	cell = 768 to 775
-9	-9	13	-16	-9	22	-12	6	cell = 776 to 783
-12	35	-33	-4	-13	-11	24	-15	cell = 784 to 791
-17	-33	-3	-20	-24	-11	-53	-41	cell = 792 to 799
-47	-41	-22	-19	1	-50	-5	19	cell = 800 to 807
10	8	6	-39	13	-15	-6	-10	cell = 808 to 815
-15	-25	-16	-6	-3	-36	-39	-20	cell = 816 to 823
-16	-50	13	-31	-31	8	-1	-5	cell = 824 to 831
22	28	-26	-22	10	3	-55	15	cell = 832 to 839
-8	0	-11	0	-23	6	-22	-32	cell = 840 to 847
-3	0	-40	-48	-20	-23	-42	-28	cell = 848 to 855
-17	18	-5	-47	32	19	1	-50	cell = 856 to 863
-8	-14	-53	-18	-25	7	-18	-10	cell = 864 to 871
0	-30	-21	-18	-29	-29	-4	-8	cell = 872 to 879
-43	25	-11	-38	0	-44	-12	-7	cell = 880 to 887
-19	-13	-38	-23	-44	-9	-12	-23	cell = 888 to 895
-24	-45	-20	-13	-11	-28	-33	-7	cell = 896 to 903
-35	-14	0	-6	-25	-29	-14	-28	cell = 904 to 911
22	2	2	14	-54	-43	-10	4	cell = 912 to 919
1	-27	-35	6	-40	-6	-12	3	cell = 920 to 927
7	-8	-34	-4	5	-14	-48	-13	cell = 928 to 935
19	-4	-19	-3	5	15	-25	-31	cell = 936 to 943
-22	-39	5	7	-25	-48	5	-19	cell = 944 to 951
-22	-24	-18	-39	6	-14	-37	13	cell = 952 to 959
4	-2	19	1	-34	-23	-13	7	cell = 960 to 967
-25	-16	-86	4	-4	-30	-5	-44	cell = 968 to 975
5	19	-34	-8	-17	-3	-25	9	cell = 976 to 983
-10	25	-37	-21	16	27	-30	9	cell = 984 to 991
2	-6	-22	9	-13	-14	29	-9	cell = 992 to 999
1	-3	-47	-34	-11	-26	1	-16	cell = 1000 to 1007
-40	-1	-37	-22	-14	-26	-25	-34	cell = 1008 to 1015
-35	1	-13	-13	-47	0	41	0	cell = 1016 to 1023
Calibration values from cell 0 to 1024 for channel 8:

58	-5	32	-4	41	0	63	-24	cell = 0 to 7
52	9	-4	-1	49	-6	38	-34	cell = 8 to 15
46	-21	38	-23	32	-54	39	3	cell = 16 to 23
42	3	51	-57	78	2	25	-30	cell = 24 to 31
62	11	74	-8	50	-14	50	24	cell = 32 to 39
44	9	87	19	-30	20	69	-19	cell = 40 to 47
34	-2	27	-15	66	21	36	-29	cell = 48 to 55
18	-6	24	0	11	21	5	-7	cell = 56 to 63
40	-44	55	-35	60	-51	40	-25	cell = 64 to 71
51	-24	10	-4	29	8	22	-21	cell = 72 to 79
35	-29	23	25	60	-6	66	-23	cell = 80 to 87
44	-16	39	11	26	-45	4	-5	cell = 88 to 95
44	3	60	6	5	10	73	0	cell = 96 to 103
31	-36	38	14	36	-17	98	-4	cell = 104 to 111
67	36	90	-15	34	24	49	2	cell = 112 to 119
63	-35	18	-39	44	15	55	10	cell = 120 to 127
74	5	46	-37	28	-37	46	2	cell = 128 to 135
74	7	43	4	77	3	56	-32	cell = 136 to 143
48	-12	46	-55	84	-7	42	5	cell = 144 to 151
38	21	53	-10	55	-39	57	10	cell = 152 to 159
30	-12	38	31	60	-6	33	-9	cell = 160 to 167
61	-28	39	-2	37	-31	56	-30	cell = 168 to 175
30	-36	63	-25	13	9	44	-8	cell = 176 to 183
17	-25	52	-30	50	-10	78	-21	cell = 184 to 191
35	17	62	-10	68	-14	19	-26	cell = 192 to 199
-9	-23	49	-41	53	-2	44	18	cell = 200 to 207
17	-15	69	-3	21	-21	46	-23	cell = 208 to 215
55	-15	54	7	48	12	44	-6	cell = 216 to 223
21	23	97	6	102	-12	66	29	cell = 224 to 231
74	8	58	-9	30	-23	27	-22	cell = 232 to 239
40	-7	60	-5	43	-16	62	-3	cell = 240 to 247
52	-28	47	-27	57	7	35	15	cell = 248 to 255
44	32	86	0	71	-39	-7	-19	cell = 256 to 263
48	-34	6	-24	57	-8	3	-25	cell = 264 to 271
35	-15	72	-35	44	-24	0	10	cell = 272 to 279
69	18	37	0	24	3	69	-28	cell = 280 to 287
40	-10	18	-21	8	-19	42	27	cell = 288 to 295
27	17	20	6	36	-33	59	-8	cell = 296 to 303
46	-8	55	11	54	14	48	-31	cell = 304 to 311
49	-34	51	-56	33	-23	41	-10	cell = 312 to 319
35	-12	27	4	27	22	42	8	cell = 320 to 327
38	-50	26	-8	36	-6	75	-15	cell = 328 to 335
64	-37	64	-32	48	14	42	31	cell = 336 to 343
56	-78	46	-37	66	6	98	-4	cell = 344 to 351
66	-42	47	-25	6	39	91	-23	cell = 352 to 359
47	-28	66	0	35	-22	47	-8	cell = 360 to 367
49	22	79	-13	69	-34	79	5	cell = 368 to 375
32	-39	47	26	52	-1	33	3	cell = 376 to 383
90	16	13	-9	73	2	48	-15	cell = 384 to 391
49	-20	73	-21	65	-23	62	17	cell = 392 to 399
65	-8	44	6	50	8	27	-25	cell = 400 to 407
27	-5	-13	-14	29	-10	76	-28	cell = 408 to 415
28	0	40	4	22	13	28	30	cell = 416 to 423
35	48	60	21	16	-28	70	-15	cell = 424 to 431
32	19	70	5	51	-13	31	-6	cell = 432 to 439
38	9	32	-4	43	-14	33	-17	cell = 440 to 447
71	23	29	-7	41	-38	39	-7	cell = 448 to 455
40	12	20	-25	37	0	50	-1	cell = 456 to 463
20	-10	39	-26	39	-16	84	11	cell = 464 to 471
22	-40	17	19	55	32	23	-29	cell = 472 to 479
70	7	35	2	27	13	68	3	cell = 480 to 487
50	-7	19	-24	39	1	29	-55	cell = 488 to 495
46	5	-15	-66	-45	-111	-43	-61	cell = 496 to 503
48	-13	17	-9	44	-27	18	-42	cell = 504 to 511
18	-32	-24	-17	-6	-72	1	-12	cell = 512 to 519
-30	-54	-21	8	-48	13	-25	5	cell = 520 to 527
-43	-78	-24	-25	-5	-27	-34	0	cell = 528 to 535
-46	-32	-38	-19	14	-34	-14	2	cell = 536 to 543
-52	-23	5	-8	-4	-2	5	-45	cell = 544 to 551
-7	-31	-23	-18	-49	-67	-26	-7	cell = 552 to 559
-33	-16	-9	23	-30	18	-40	-36	cell = 560 to 567
-26	-7	-20	-9	-21	-21	4	-23	cell = 568 to 575
-59	-32	-32	-13	-5	-19	-70	5	cell = 576 to 583
-22	-7	-18	-15	-13	-7	-28	-5	cell = 584 to 591
-23	16	-3	-1	-19	-40	-41	2	cell = 592 to 599
-13	2	-14	-38	0	-28	-35	-2	cell = 600 to 607
-23	-36	-56	-30	26	-37	-20	-20	cell = 608 to 615
-29	-16	-25	-20	-5	-44	19	-28	cell = 616 to 623
-65	15	-35	4	-39	-25	-35	9	cell = 624 to 631
14	16	-24	28	-22	9	-23	3	cell = 632 to 639
0	-19	-27	9	-9	-16	-5	-21	cell = 640 to 647
-32	8	-28	-26	-9	-38	-27	-2	cell = 648 to 655
8	-25	-35	-35	-23	-45	14	-39	cell = 656 to 663
-29	-53	-26	-21	-13	-14	0	-29	cell = 664 to 671
-30	-29	-10	-34	-12	-3	-30	-18	cell = 672 to 679
-31	-36	3	3	-5	-20	-12	-45	cell = 680 to 687
-9	-21	0	-12	-2	20	-6	13	cell = 688 to 695
-3	-52	-31	-29	-51	0	-13	12	cell = 696 to 703
-57	-17	-20	-29	-38	-25	-24	-40	cell = 704 to 711
-40	-5	-3	-10	10	16	20	-31	cell = 712 to 719
-65	-21	9	8	-12	-5	-44	-12	cell = 720 to 727
-51	-50	-18	0	-25	-10	-25	-9	cell = 728 to 735
26	-29	-42	7	-85	2	-45	-19	cell = 736 to 743
-14	-18	-21	-14	-43	-8	27	31	cell = 744 to 751
-33	-35	-37	-11	-42	-23	-16	-19	cell = 752 to 759
-3	-15	-35	-41	-44	-15	-27	-17	cell = 760 to 767
-44	6	-3	19	7	-24	-21	-44	cell = 768 to 775
-41	-27	-47	21	-22	-44	29	-14	cell = 776 to 783
-42	8	-18	13	-22	-12	-29	13	cell = 784 to 791
-10	28	17	6	-38	13	-41	-22	cell = 792 to 799
-39	-13	-12	-24	-26	-23	-10	-54	cell = 800 to 807
-9	-10	-39	-13	-5	-39	-42	5	cell = 808 to 815
-11	-16	-39	13	-21	25	32	8	cell = 816 to 823
3	-43	-29	-8	-11	-49	-42	-40	cell = 824 to 831
-9	-42	-27	18	-10	-4	-24	-12	cell = 832 to 839
-16	-40	-7	-20	13	-8	-4	-13	cell = 840 to 847
-9	-20	-54	-4	-20	16	3	-2	cell = 848 to 855
15	-1	-51	-14	-29	-7	-11	4	cell = 856 to 863
-17	-41	7	-60	-17	-14	-53	-28	cell = 864 to 871
-40	-12	-41	-19	-28	13	-47	-19	cell = 872 to 879
-47	-28	17	8	-3	-31	-48	-35	cell = 880 to 887
-56	-37	-33	4	-11	-3	-5	-15	cell = 888 to 895
-22	-19	-16	15	-10	19	-8	-8	cell = 896 to 903
-31	-25	-31	-48	-36	-11	-32	-7	cell = 904 to 911
5	-9	-12	-12	11	-4	-23	-54	cell = 912 to 919
-52	-2	6	-18	-11	-39	-15	4	cell = 920 to 927
-8	-39	7	-24	-14	-8	-12	-16	cell = 928 to 935
-35	-39	-21	-11	-32	-16	-44	-16	cell = 936 to 943
-38	-27	19	-36	-44	13	-26	-19	cell = 944 to 951
-22	-31	6	0	-6	-55	-21	6	cell = 952 to 959
-11	-13	-5	-22	-21	-22	-17	-41	cell = 960 to 967
0	-10	-28	16	3	31	-47	34	cell = 968 to 975
1	15	-3	-5	-29	-16	-21	-15	cell = 976 to 983
-7	-31	-16	0	5	-29	-34	-34	cell = 984 to 991
-19	-24	-11	-1	-18	-9	-24	4	cell = 992 to 999
25	-13	23	20	-31	-17	-27	-10	cell = 1000 to 1007
-23	-10	-29	-20	15	-32	-13	-18	cell = 1008 to 1015
-8	-18	-25	3	7	-42	-21	16	cell = 1016 to 1023
