Calibration values from cell 0 to 1024 for channel 0:

12	-20	48	-17	66	7	65	-50	cell = 0 to 7
46	6	42	-20	58	18	66	-7	cell = 8 to 15
87	-8	89	3	48	4	53	-23	cell = 16 to 23
39	6	30	-18	20	-17	41	-56	cell = 24 to 31
66	-10	16	-6	85	-41	75	-11	cell = 32 to 39
43	9	58	21	31	7	33	11	cell = 40 to 47
21	4	83	-16	24	-1	11	-52	cell = 48 to 55
32	9	25	-15	31	-37	61	0	cell = 56 to 63
36	-5	83	-21	49	7	47	-35	cell = 64 to 71
36	0	28	-40	36	-13	44	-7	cell = 72 to 79
20	8	63	-24	21	-61	89	-3	cell = 80 to 87
63	12	7	-10	54	-25	102	2	cell = 88 to 95
72	-9	37	4	53	-7	-16	-4	cell = 96 to 103
43	-30	47	13	19	-27	66	21	cell = 104 to 111
60	2	60	-15	29	21	26	-13	cell = 112 to 119
18	-9	47	0	54	-12	18	1	cell = 120 to 127
10	0	19	-30	80	13	60	-4	cell = 128 to 135
87	-1	63	-20	33	-10	71	48	cell = 136 to 143
24	8	50	6	40	-31	27	9	cell = 144 to 151
37	-26	16	-7	64	-5	48	-20	cell = 152 to 159
28	-12	19	-7	39	36	44	-19	cell = 160 to 167
41	-20	-3	-24	22	-6	28	-25	cell = 168 to 175
51	3	16	9	37	-8	-8	7	cell = 176 to 183
38	-6	37	-11	33	-10	58	11	cell = 184 to 191
72	-21	58	-26	69	-37	54	-30	cell = 192 to 199
15	4	51	24	31	-12	43	-13	cell = 200 to 207
50	7	83	-65	60	1	82	-39	cell = 208 to 215
51	-9	19	-4	60	31	64	-4	cell = 216 to 223
51	19	58	-11	41	-10	53	-8	cell = 224 to 231
9	-9	39	-14	40	-10	60	-17	cell = 232 to 239
58	-33	79	-40	55	18	32	-21	cell = 240 to 247
30	-34	42	-3	50	-21	50	-2	cell = 248 to 255
60	-20	7	-9	49	-16	74	-37	cell = 256 to 263
46	-37	62	17	68	-32	48	-18	cell = 264 to 271
42	12	36	-63	99	-22	2	-11	cell = 272 to 279
48	7	38	-11	30	10	19	12	cell = 280 to 287
48	-38	32	-39	69	-17	23	-5	cell = 288 to 295
73	9	44	16	68	6	41	2	cell = 296 to 303
51	34	29	0	64	-10	1	-21	cell = 304 to 311
61	11	25	-36	6	-34	45	-27	cell = 312 to 319
87	-17	8	2	52	25	8	6	cell = 320 to 327
26	4	50	12	25	-14	63	0	cell = 328 to 335
45	32	38	-31	60	-33	22	9	cell = 336 to 343
61	20	61	24	52	-40	69	-32	cell = 344 to 351
52	-9	58	2	38	2	56	-23	cell = 352 to 359
75	-24	78	-22	31	-36	19	-4	cell = 360 to 367
99	7	62	-23	51	6	5	0	cell = 368 to 375
15	-9	50	9	37	-9	31	-16	cell = 376 to 383
20	7	51	6	52	8	38	-45	cell = 384 to 391
54	-7	9	-5	59	32	16	17	cell = 392 to 399
43	4	0	-25	57	10	67	27	cell = 400 to 407
87	-10	52	20	-3	3	17	-37	cell = 408 to 415
44	14	58	-5	47	-22	40	-37	cell = 416 to 423
30	1	45	11	56	-14	51	6	cell = 424 to 431
23	1	53	-41	52	18	28	-7	cell = 432 to 439
52	0	52	-31	69	14	71	32	cell = 440 to 447
29	10	60	-46	64	-16	37	-36	cell = 448 to 455
17	-27	37	-37	59	22	55	5	cell = 456 to 463
57	-8	21	16	52	-3	44	1	cell = 464 to 471
38	-13	28	-18	53	-19	30	22	cell = 472 to 479
45	-14	62	24	49	1	31	-11	cell = 480 to 487
61	1	8	-46	42	-28	45	-32	cell = 488 to 495
63	-32	-40	-50	-38	-88	-45	-56	cell = 496 to 503
49	0	39	17	27	-30	25	-9	cell = 504 to 511
-53	12	0	-31	-37	-13	-9	-21	cell = 512 to 519
-29	-13	-46	-7	5	-3	-18	-16	cell = 520 to 527
-16	-17	-16	-25	3	-39	-34	-22	cell = 528 to 535
-26	-5	-26	-26	-17	0	-1	-1	cell = 536 to 543
-34	-21	-43	-21	27	-10	-23	6	cell = 544 to 551
-10	-36	-21	-33	-34	-39	-2	-28	cell = 552 to 559
13	5	-37	-23	-10	-18	-19	-11	cell = 560 to 567
-21	-64	-19	-31	30	-42	-36	-5	cell = 568 to 575
-8	-31	32	-16	-28	-31	-4	-29	cell = 576 to 583
-53	12	-18	-53	-36	7	4	-1	cell = 584 to 591
-17	-32	-27	-47	32	-11	-11	12	cell = 592 to 599
-8	-3	-38	-25	-15	-53	11	-52	cell = 600 to 607
-33	-34	-8	8	-12	-11	-28	-35	cell = 608 to 615
-27	-36	-24	6	-18	-34	-36	8	cell = 616 to 623
4	-6	-5	13	-29	-28	-26	-31	cell = 624 to 631
0	-28	24	-48	-2	-14	7	-30	cell = 632 to 639
-51	6	6	-3	-14	-46	0	-9	cell = 640 to 647
-18	-28	-18	-19	-18	-51	-21	3	cell = 648 to 655
-27	-9	-50	-19	-20	-40	-7	-24	cell = 656 to 663
7	-26	-36	-11	3	-28	-62	-5	cell = 664 to 671
-18	-14	-71	-16	3	-19	1	-35	cell = 672 to 679
-40	-35	-18	-28	-38	-28	-43	-33	cell = 680 to 687
-6	32	-22	-16	-16	-81	-8	-10	cell = 688 to 695
-17	-27	-27	-33	-43	-59	-27	-7	cell = 696 to 703
3	30	-24	-19	-16	-6	-10	-23	cell = 704 to 711
-4	-14	15	-35	-33	13	-4	-15	cell = 712 to 719
4	16	-31	-36	-12	-26	-13	1	cell = 720 to 727
-35	15	-14	-26	9	-34	-11	4	cell = 728 to 735
-43	-29	-26	-33	-14	-58	-11	-29	cell = 736 to 743
-24	-10	-32	-8	-13	12	-13	-30	cell = 744 to 751
-17	-2	-11	-4	-39	-42	-48	-52	cell = 752 to 759
-30	-55	-42	-39	-25	-30	-22	-5	cell = 760 to 767
-12	-6	2	-30	3	-15	-7	-15	cell = 768 to 775
-43	-4	-42	-24	-47	-32	-19	2	cell = 776 to 783
-67	7	10	6	-29	-21	-8	-42	cell = 784 to 791
-9	-44	-12	-40	-3	-24	-29	-11	cell = 792 to 799
-20	4	-44	-5	-25	3	-9	12	cell = 800 to 807
-17	0	-60	12	-46	1	9	27	cell = 808 to 815
-23	0	-4	-36	-13	8	-29	-26	cell = 816 to 823
-58	-1	-32	-49	-1	3	-27	-16	cell = 824 to 831
2	-19	-13	-12	-12	-18	-12	-34	cell = 832 to 839
-15	-52	-5	-15	-20	-29	-60	-29	cell = 840 to 847
2	-25	-29	-8	37	-7	-26	5	cell = 848 to 855
-31	13	15	-36	-37	-24	-16	-18	cell = 856 to 863
-43	-24	-10	5	-47	-29	-22	18	cell = 864 to 871
-21	20	5	4	-59	-15	2	-17	cell = 872 to 879
-32	-53	12	-8	-1	44	-32	20	cell = 880 to 887
-19	-30	-21	-7	-8	8	-27	-9	cell = 888 to 895
-1	-10	5	-30	-6	-41	-4	3	cell = 896 to 903
8	-45	-19	-3	-33	-36	-21	-8	cell = 904 to 911
-29	-43	-16	-12	-8	-19	-26	-31	cell = 912 to 919
-40	-16	-71	10	-26	-11	-53	-17	cell = 920 to 927
-31	-9	1	-51	-21	-4	-13	14	cell = 928 to 935
-36	2	-24	-23	-4	-15	-41	-17	cell = 936 to 943
-13	-35	0	-24	-24	-21	-11	-42	cell = 944 to 951
-15	-5	-65	-25	-6	-16	-15	-9	cell = 952 to 959
-13	11	-28	-21	33	15	-11	2	cell = 960 to 967
-42	-13	-19	-24	-23	-18	-25	-9	cell = 968 to 975
-25	1	-55	17	-6	-25	-38	-11	cell = 976 to 983
-46	-14	-31	25	13	28	-5	17	cell = 984 to 991
5	-28	24	2	-6	34	-8	-16	cell = 992 to 999
-32	48	-15	-26	-7	-35	-67	37	cell = 1000 to 1007
-42	-2	-16	8	-26	-5	-33	-1	cell = 1008 to 1015
-3	-24	-46	-10	-9	-71	-34	-14	cell = 1016 to 1023
Calibration values from cell 0 to 1024 for channel 1:

20	13	65	-17	66	-10	45	-34	cell = 0 to 7
44	10	79	-19	24	-23	47	-11	cell = 8 to 15
20	-6	50	-8	53	-37	57	5	cell = 16 to 23
19	-22	43	-3	36	-39	48	2	cell = 24 to 31
60	-25	39	-33	63	-7	55	-31	cell = 32 to 39
66	-56	66	-40	21	-37	45	-17	cell = 40 to 47
39	0	27	-54	37	-17	62	8	cell = 48 to 55
45	-5	55	-15	20	-49	29	0	cell = 56 to 63
71	6	51	10	56	2	24	30	cell = 64 to 71
-8	-12	62	-26	43	-17	59	-11	cell = 72 to 79
56	-9	66	-7	54	-1	43	-26	cell = 80 to 87
51	-30	56	-9	42	1	4	2	cell = 88 to 95
44	-3	50	16	53	3	31	-3	cell = 96 to 103
60	16	66	-4	29	15	105	-25	cell = 104 to 111
92	-14	35	-8	43	5	49	3	cell = 112 to 119
-4	-57	57	12	28	0	79	-39	cell = 120 to 127
87	-16	38	7	68	7	65	-10	cell = 128 to 135
49	-24	70	-44	64	-16	35	4	cell = 136 to 143
34	-32	37	-2	38	-5	67	-13	cell = 144 to 151
90	-43	62	-20	32	-2	45	0	cell = 152 to 159
40	-14	12	-39	20	20	37	5	cell = 160 to 167
31	-39	90	-8	38	28	79	-3	cell = 168 to 175
51	42	64	0	86	1	38	-9	cell = 176 to 183
46	-37	69	-2	8	-23	12	-6	cell = 184 to 191
3	15	40	-15	50	-3	29	4	cell = 192 to 199
49	12	41	19	60	-48	22	0	cell = 200 to 207
43	-27	10	-34	64	-32	15	-9	cell = 208 to 215
37	5	53	-22	43	-4	21	-25	cell = 216 to 223
57	24	20	-2	38	-25	32	16	cell = 224 to 231
68	15	73	-10	35	0	78	-39	cell = 232 to 239
33	-2	26	0	87	-25	20	-4	cell = 240 to 247
43	-31	44	-60	17	5	4	5	cell = 248 to 255
67	-19	48	-59	50	5	85	10	cell = 256 to 263
44	-8	72	-23	49	23	53	19	cell = 264 to 271
52	24	75	4	36	0	73	-31	cell = 272 to 279
44	-11	54	0	18	-2	63	-23	cell = 280 to 287
22	15	19	7	44	-16	48	-29	cell = 288 to 295
56	6	21	-47	46	-13	35	-41	cell = 296 to 303
47	-5	37	-14	43	-18	13	-3	cell = 304 to 311
73	-29	48	-51	53	-6	29	-16	cell = 312 to 319
53	0	65	-33	41	-6	42	-5	cell = 320 to 327
58	-29	38	14	26	8	60	-19	cell = 328 to 335
35	-19	44	14	17	-1	3	-11	cell = 336 to 343
78	-17	12	-37	0	3	71	-19	cell = 344 to 351
48	-17	51	25	4	-4	87	42	cell = 352 to 359
26	42	68	-11	4	-35	37	-12	cell = 360 to 367
13	17	61	0	35	-3	93	-37	cell = 368 to 375
106	-29	9	-23	80	-31	16	-26	cell = 376 to 383
49	-12	45	7	45	24	68	-38	cell = 384 to 391
23	7	17	-4	57	4	58	-15	cell = 392 to 399
19	-10	50	-8	56	-19	58	3	cell = 400 to 407
22	-8	50	-28	90	-33	31	-7	cell = 408 to 415
60	-48	31	0	42	-31	48	-25	cell = 416 to 423
49	1	42	-28	64	1	46	13	cell = 424 to 431
40	0	77	-28	38	8	40	10	cell = 432 to 439
62	8	19	-33	37	-31	51	29	cell = 440 to 447
47	-1	49	-3	52	25	35	-2	cell = 448 to 455
20	-26	15	-46	44	-32	91	15	cell = 456 to 463
31	4	41	-3	45	-30	44	-11	cell = 464 to 471
52	11	24	6	63	2	52	-6	cell = 472 to 479
44	-14	55	8	62	-15	34	-13	cell = 480 to 487
54	-41	48	31	56	-26	66	3	cell = 488 to 495
21	-36	-40	-98	-6	-59	-53	-102	cell = 496 to 503
32	7	41	25	26	-13	62	-44	cell = 504 to 511
-26	-58	-12	-5	-39	-11	-37	-37	cell = 512 to 519
-27	-20	-55	1	-47	15	-71	17	cell = 520 to 527
-40	16	-41	33	-5	-12	-30	-19	cell = 528 to 535
18	-17	14	-10	-14	23	8	-22	cell = 536 to 543
-26	0	-24	4	-16	-19	-41	12	cell = 544 to 551
-9	23	-26	-26	-18	-48	-12	-2	cell = 552 to 559
-27	-12	-15	-37	-6	-17	-5	-48	cell = 560 to 567
6	-47	-32	-50	-4	-25	-37	0	cell = 568 to 575
-15	-34	-36	2	-66	-32	-54	-60	cell = 576 to 583
-36	-60	-43	-5	-64	-35	-31	7	cell = 584 to 591
-11	-15	-45	-12	19	-12	-27	-16	cell = 592 to 599
-12	-47	-44	-19	-49	-14	-17	-38	cell = 600 to 607
-54	-63	6	2	-15	2	-43	-40	cell = 608 to 615
1	-10	-40	41	0	-3	-76	22	cell = 616 to 623
-53	-10	-29	5	4	-18	-36	1	cell = 624 to 631
-15	1	-36	-43	-29	-23	-7	-10	cell = 632 to 639
-23	-27	-7	-13	-17	-13	-12	20	cell = 640 to 647
-46	4	-36	-30	-36	-22	-12	23	cell = 648 to 655
-4	-4	-5	-13	-29	11	-23	-26	cell = 656 to 663
-12	-32	-30	-29	-35	-2	14	2	cell = 664 to 671
-23	-16	-24	-26	-54	-19	-8	-15	cell = 672 to 679
-8	-51	-7	-39	-16	-42	-39	-19	cell = 680 to 687
-17	9	0	7	-40	-28	-34	-37	cell = 688 to 695
-19	-32	0	-6	-31	-7	0	9	cell = 696 to 703
-23	-48	-20	-11	-26	-8	-51	-21	cell = 704 to 711
-58	-24	-18	13	-11	16	-2	-20	cell = 712 to 719
-29	-18	-68	9	-22	-19	-2	-26	cell = 720 to 727
-27	-41	-37	15	-40	-24	1	-4	cell = 728 to 735
-58	-30	-16	2	-45	-2	-13	12	cell = 736 to 743
8	-8	-10	-2	-25	-16	-40	-27	cell = 744 to 751
-37	-24	-58	35	13	-15	-18	-57	cell = 752 to 759
2	-32	-34	1	-24	5	-48	-35	cell = 760 to 767
-19	-31	-3	-34	-14	-3	-44	-27	cell = 768 to 775
-26	-15	-2	0	13	-12	-26	1	cell = 776 to 783
-7	-53	20	-21	24	7	-15	-16	cell = 784 to 791
-1	-24	2	-55	-60	7	14	30	cell = 792 to 799
-16	0	10	11	-32	-8	-30	-20	cell = 800 to 807
-30	8	7	-19	-20	-37	14	-19	cell = 808 to 815
-27	-12	-18	-6	10	-9	-1	-41	cell = 816 to 823
-42	-20	-23	-55	-29	-13	-12	4	cell = 824 to 831
-26	11	5	1	-42	-21	-33	-35	cell = 832 to 839
-6	-8	12	2	-43	-7	-11	-36	cell = 840 to 847
-45	-42	-4	0	-6	16	2	-40	cell = 848 to 855
-34	3	-22	-18	-39	1	-8	22	cell = 856 to 863
-5	7	-15	-42	-33	-33	-27	15	cell = 864 to 871
-19	-18	-26	-19	24	-19	-6	-23	cell = 872 to 879
-11	-14	-22	-30	-63	-12	-30	-8	cell = 880 to 887
-15	-15	-26	-46	-10	-38	-5	-10	cell = 888 to 895
-55	-11	-7	-13	-14	5	-7	-41	cell = 896 to 903
-40	-31	9	-7	-30	-3	8	-4	cell = 904 to 911
-38	10	13	-43	-16	-3	-9	-6	cell = 912 to 919
5	-30	21	-5	1	2	-34	-19	cell = 920 to 927
-47	0	-32	-7	-30	-6	-34	-12	cell = 928 to 935
-17	-10	3	17	-14	4	8	-4	cell = 936 to 943
-15	6	-14	14	-36	-25	-15	17	cell = 944 to 951
-29	-11	-7	9	14	-43	-27	-31	cell = 952 to 959
-43	-9	-36	-16	-46	-14	-11	-3	cell = 960 to 967
-36	12	-23	9	12	2	-30	-19	cell = 968 to 975
-9	-6	-42	24	-54	5	8	0	cell = 976 to 983
-14	-46	-17	18	-23	2	-18	-36	cell = 984 to 991
-40	35	-45	-1	-23	-6	26	-31	cell = 992 to 999
-24	-16	-19	-10	-50	-8	-33	-9	cell = 1000 to 1007
-16	-28	-20	-80	-18	4	13	-28	cell = 1008 to 1015
20	-30	-7	-13	-30	-24	-24	-28	cell = 1016 to 1023
Calibration values from cell 0 to 1024 for channel 2:

20	3	65	-32	76	-37	48	8	cell = 0 to 7
6	-11	14	13	23	26	58	-3	cell = 8 to 15
24	-24	61	11	26	26	48	-34	cell = 16 to 23
37	-15	34	-20	68	-19	53	-32	cell = 24 to 31
45	7	67	7	28	14	28	3	cell = 32 to 39
45	-46	48	-11	69	0	60	14	cell = 40 to 47
40	-37	51	21	74	9	71	-20	cell = 48 to 55
33	-14	78	24	0	-14	42	3	cell = 56 to 63
9	2	34	0	59	-18	7	17	cell = 64 to 71
67	-15	58	-14	36	-11	47	2	cell = 72 to 79
49	-27	82	-33	39	-2	40	-5	cell = 80 to 87
59	58	42	-18	41	31	21	-20	cell = 88 to 95
22	8	79	-12	63	-37	56	19	cell = 96 to 103
8	2	57	-1	13	22	49	14	cell = 104 to 111
34	7	53	6	48	12	20	-3	cell = 112 to 119
39	-2	10	-24	4	-7	68	-1	cell = 120 to 127
-4	-31	46	-18	49	-5	51	18	cell = 128 to 135
-7	-13	36	-17	60	40	43	-22	cell = 136 to 143
59	-11	63	-7	40	-39	33	5	cell = 144 to 151
33	-38	24	-44	52	-28	47	9	cell = 152 to 159
66	-12	39	-22	22	4	14	4	cell = 160 to 167
10	2	49	-4	45	8	35	3	cell = 168 to 175
61	-23	58	-5	19	-54	73	37	cell = 176 to 183
89	-4	51	29	39	-9	32	44	cell = 184 to 191
15	25	25	17	50	19	56	-18	cell = 192 to 199
40	-30	51	18	39	-29	55	4	cell = 200 to 207
42	-15	23	7	72	-20	2	4	cell = 208 to 215
48	-24	33	-38	68	-41	42	-4	cell = 216 to 223
61	7	56	7	75	-8	38	-9	cell = 224 to 231
80	-25	17	13	42	-19	58	-40	cell = 232 to 239
12	-35	63	36	35	-15	35	34	cell = 240 to 247
28	9	69	6	24	17	29	-45	cell = 248 to 255
71	23	40	-3	49	-24	56	-19	cell = 256 to 263
62	-17	10	-5	43	-22	38	-5	cell = 264 to 271
50	-5	66	6	40	-17	47	-17	cell = 272 to 279
37	-21	39	19	31	-11	69	23	cell = 280 to 287
64	-39	71	13	96	-22	55	-18	cell = 288 to 295
51	-16	36	-10	49	-7	10	-14	cell = 296 to 303
49	-42	47	0	40	25	24	-23	cell = 304 to 311
55	-24	18	-18	25	-13	21	8	cell = 312 to 319
3	-26	27	-10	55	-6	69	-51	cell = 320 to 327
26	18	43	-12	78	-39	66	-66	cell = 328 to 335
31	-8	32	6	14	14	15	-20	cell = 336 to 343
57	8	48	-1	44	7	32	0	cell = 344 to 351
53	-1	60	-29	23	-6	29	-21	cell = 352 to 359
-12	-11	10	20	58	1	29	-29	cell = 360 to 367
74	-22	52	-6	43	-14	44	6	cell = 368 to 375
79	-22	17	5	52	-29	29	-10	cell = 376 to 383
61	-13	72	-51	37	0	49	-29	cell = 384 to 391
47	-4	30	5	59	-1	42	0	cell = 392 to 399
46	-16	44	20	41	-26	58	-12	cell = 400 to 407
32	-5	58	15	43	9	54	-19	cell = 408 to 415
42	-5	55	-22	32	-35	52	-20	cell = 416 to 423
39	-16	55	-32	70	14	49	16	cell = 424 to 431
47	-40	13	5	31	-15	36	-14	cell = 432 to 439
75	-37	45	-3	28	-29	34	2	cell = 440 to 447
63	-21	42	16	26	-18	25	-38	cell = 448 to 455
37	-45	31	11	42	-16	25	-8	cell = 456 to 463
61	17	55	-21	60	-36	57	21	cell = 464 to 471
7	-24	-3	-7	49	17	29	3	cell = 472 to 479
61	-20	57	-3	16	9	28	-15	cell = 480 to 487
14	-15	40	11	66	-17	53	0	cell = 488 to 495
14	-17	-40	-84	-39	-78	-59	-78	cell = 496 to 503
30	-2	26	1	4	8	18	11	cell = 504 to 511
6	-22	-12	-32	-30	3	-32	-45	cell = 512 to 519
3	-25	11	-22	-25	-24	-13	-26	cell = 520 to 527
-3	-14	-38	-18	2	-25	0	-33	cell = 528 to 535
-34	6	-20	-37	-53	25	-45	-35	cell = 536 to 543
-8	-20	-15	-5	-18	-17	-27	-12	cell = 544 to 551
-10	-21	-36	-27	-17	12	-37	24	cell = 552 to 559
-23	-19	-37	-2	-5	7	-14	1	cell = 560 to 567
-26	0	-29	-27	-79	-16	-11	-26	cell = 568 to 575
-20	34	6	-51	32	-13	-6	-14	cell = 576 to 583
-16	-13	-10	-32	-31	-35	-23	10	cell = 584 to 591
-6	-33	-44	-39	-61	-39	1	-37	cell = 592 to 599
-33	13	-54	-30	-16	-49	38	9	cell = 600 to 607
7	19	-20	6	-20	-2	-43	-57	cell = 608 to 615
-23	-5	28	-11	-38	-38	-38	4	cell = 616 to 623
-6	-25	-43	-17	0	-5	-3	-28	cell = 624 to 631
-43	-43	-36	-17	-17	-14	-52	-22	cell = 632 to 639
-41	-13	-19	-14	8	-22	7	-34	cell = 640 to 647
18	-18	14	-27	-69	-40	-33	-54	cell = 648 to 655
-70	-21	-3	-18	-35	2	-13	-17	cell = 656 to 663
-30	2	-22	-32	-7	-5	-25	27	cell = 664 to 671
0	-21	-37	-28	-42	-12	15	-9	cell = 672 to 679
-3	-4	-4	15	-21	10	-24	-21	cell = 680 to 687
-60	-17	8	-41	-38	-12	6	12	cell = 688 to 695
-30	3	5	24	-42	11	-34	-19	cell = 696 to 703
-39	23	-18	-31	3	-10	-39	-29	cell = 704 to 711
-53	2	-32	-30	-30	-2	-1	-8	cell = 712 to 719
-27	-28	-4	7	-4	16	4	-4	cell = 720 to 727
-52	-24	-42	-21	-14	-59	-33	-12	cell = 728 to 735
-9	0	-30	4	-20	-49	-36	-45	cell = 736 to 743
-27	-14	-8	-30	5	2	-25	-46	cell = 744 to 751
-23	-4	-11	-10	7	-1	-13	-31	cell = 752 to 759
-4	-43	-28	-45	-30	-4	-27	-6	cell = 760 to 767
-22	-26	-14	-33	-14	-3	-47	21	cell = 768 to 775
-48	-15	-13	-21	-22	-23	-17	26	cell = 776 to 783
-35	10	-10	-9	-14	2	-35	-23	cell = 784 to 791
-11	-35	-29	-15	-11	1	10	0	cell = 792 to 799
-26	-31	-18	-41	-17	-7	-11	-49	cell = 800 to 807
-36	-18	-8	-32	0	1	-19	-18	cell = 808 to 815
-35	-15	8	-19	-25	-38	-18	-46	cell = 816 to 823
-24	-26	-32	-6	13	-35	-7	-4	cell = 824 to 831
-4	1	-3	-17	0	-6	-26	-16	cell = 832 to 839
-5	-3	20	-41	-53	0	-6	27	cell = 840 to 847
-17	-31	-37	7	5	0	6	7	cell = 848 to 855
-31	10	-72	-7	11	-42	-14	-13	cell = 856 to 863
-11	-70	-34	-40	-18	6	-44	-8	cell = 864 to 871
10	-25	-57	17	-2	5	26	19	cell = 872 to 879
-15	-20	-27	2	5	-9	-6	-19	cell = 880 to 887
12	-19	-26	-60	-20	-32	-5	-27	cell = 888 to 895
-57	-30	18	-47	22	0	6	-34	cell = 896 to 903
-40	1	-47	-2	-52	-27	-7	-5	cell = 904 to 911
-21	24	-22	-16	21	19	-32	-2	cell = 912 to 919
-44	-19	-30	-33	5	31	2	-21	cell = 920 to 927
-11	-27	-6	-9	-26	-29	-27	-4	cell = 928 to 935
-7	-5	-18	-4	-35	-40	-32	-16	cell = 936 to 943
-47	-47	-65	-15	-39	-20	6	15	cell = 944 to 951
-30	-16	-71	-19	-14	-29	-34	2	cell = 952 to 959
-21	-12	-21	-25	-15	-47	-48	-42	cell = 960 to 967
-16	9	-13	-37	-49	-19	9	10	cell = 968 to 975
34	6	51	-26	6	-16	25	-17	cell = 976 to 983
5	-47	-10	45	10	3	-36	-10	cell = 984 to 991
-9	3	2	32	-6	10	-46	-16	cell = 992 to 999
-31	9	-10	-49	-27	-25	-31	14	cell = 1000 to 1007
-15	-16	0	12	-17	-27	-45	-13	cell = 1008 to 1015
-41	-41	-12	-28	-9	9	-15	-7	cell = 1016 to 1023
Calibration values from cell 0 to 1024 for channel 3:

39	-16	17	-4	26	5	12	-21	cell = 0 to 7
8	-13	52	11	68	20	32	-40	cell = 8 to 15
37	-24	68	-47	13	21	48	-25	cell = 16 to 23
2	6	56	-18	65	3	4	23	cell = 24 to 31
40	-5	37	7	44	13	46	-33	cell = 32 to 39
22	-29	23	-5	55	27	-2	-4	cell = 40 to 47
60	12	54	-15	41	30	59	8	cell = 48 to 55
29	-26	37	-23	35	0	8	-5	cell = 56 to 63
58	18	42	-8	60	-6	37	15	cell = 64 to 71
28	-6	55	-27	28	-44	42	-36	cell = 72 to 79
5	-3	39	9	14	-16	98	-43	cell = 80 to 87
67	-21	39	-10	51	9	65	-21	cell = 88 to 95
46	12	23	40	50	-23	44	12	cell = 96 to 103
31	10	29	-7	90	-13	16	-29	cell = 104 to 111
61	-3	58	38	6	0	26	8	cell = 112 to 119
75	0	53	-26	24	-21	48	7	cell = 120 to 127
49	11	54	-8	27	12	56	-9	cell = 128 to 135
53	-27	32	-3	2	-27	73	-7	cell = 136 to 143
54	-9	52	19	59	-3	33	-4	cell = 144 to 151
63	-49	39	22	52	-21	51	5	cell = 152 to 159
54	5	8	-4	3	-35	-4	-4	cell = 160 to 167
28	9	41	-5	71	-9	42	12	cell = 168 to 175
71	-2	49	15	25	42	77	0	cell = 176 to 183
59	-22	3	-14	12	-14	54	-8	cell = 184 to 191
66	-7	34	-8	34	-42	36	-17	cell = 192 to 199
42	-11	30	5	60	-46	66	6	cell = 200 to 207
37	-10	41	-2	23	-5	27	35	cell = 208 to 215
37	19	45	-4	36	-18	61	6	cell = 216 to 223
74	7	44	-30	8	-18	7	5	cell = 224 to 231
48	9	2	-4	53	-19	63	-3	cell = 232 to 239
88	15	26	2	44	-36	8	-1	cell = 240 to 247
19	15	40	-38	7	-8	37	25	cell = 248 to 255
38	26	39	-38	64	1	30	12	cell = 256 to 263
58	-12	54	11	52	-12	90	34	cell = 264 to 271
36	1	43	5	13	-3	12	20	cell = 272 to 279
48	0	35	14	67	-49	15	-3	cell = 280 to 287
51	17	16	-9	50	-3	37	-11	cell = 288 to 295
50	-17	23	-18	34	-46	29	-8	cell = 296 to 303
44	-20	57	-11	62	-40	18	-70	cell = 304 to 311
46	3	29	-62	50	-24	32	-14	cell = 312 to 319
32	-43	55	0	53	23	35	-38	cell = 320 to 327
49	-2	38	-39	61	-9	49	5	cell = 328 to 335
64	15	49	31	52	-12	42	3	cell = 336 to 343
19	-17	45	-11	6	9	44	5	cell = 344 to 351
50	12	41	-70	55	-19	43	-16	cell = 352 to 359
44	9	62	22	44	4	18	-5	cell = 360 to 367
42	-18	15	6	63	13	53	1	cell = 368 to 375
25	-16	41	7	10	-12	32	-16	cell = 376 to 383
21	2	-3	-19	84	8	38	-53	cell = 384 to 391
12	-9	23	-14	86	9	43	-26	cell = 392 to 399
16	-43	65	-30	47	-52	20	-24	cell = 400 to 407
23	-4	70	12	67	-17	43	-12	cell = 408 to 415
53	11	90	10	56	-11	68	-29	cell = 416 to 423
34	1	49	45	7	16	29	-12	cell = 424 to 431
52	-34	-29	3	53	-6	31	-2	cell = 432 to 439
58	-28	73	11	-26	4	42	-5	cell = 440 to 447
38	2	51	-15	43	5	28	0	cell = 448 to 455
4	1	89	27	52	-21	12	-19	cell = 456 to 463
0	-3	46	-28	30	-29	31	-39	cell = 464 to 471
53	4	27	-30	28	4	39	-23	cell = 472 to 479
58	30	25	17	38	42	10	-10	cell = 480 to 487
53	-48	41	26	30	-3	40	-28	cell = 488 to 495
44	33	-66	-112	-4	-89	27	-107	cell = 496 to 503
1	-25	24	-18	7	-29	26	-26	cell = 504 to 511
-16	-20	-16	-5	-22	-21	-22	-8	cell = 512 to 519
-36	-26	17	-20	-17	-31	-13	-7	cell = 520 to 527
-52	-5	-32	-38	-3	20	16	-25	cell = 528 to 535
-24	-13	-16	-26	-18	-30	-48	-12	cell = 536 to 543
12	13	20	-31	-9	19	-32	-29	cell = 544 to 551
9	-38	-18	-44	-40	-10	-16	-32	cell = 552 to 559
17	-9	-20	-22	-28	-28	0	-30	cell = 560 to 567
-68	18	-60	-16	-13	-23	0	-24	cell = 568 to 575
-16	-6	18	-34	-11	-44	-48	-39	cell = 576 to 583
-27	-38	16	-32	-28	-5	-40	12	cell = 584 to 591
10	-5	7	-9	8	12	-40	-19	cell = 592 to 599
8	3	-61	-7	-6	-12	-17	-9	cell = 600 to 607
3	18	-8	0	-7	-4	-48	3	cell = 608 to 615
2	6	-66	-2	-6	3	-1	7	cell = 616 to 623
25	-42	-32	24	-26	-10	-16	-32	cell = 624 to 631
-26	-13	-26	-46	-7	-10	-40	2	cell = 632 to 639
-6	-16	27	-31	-40	1	-17	-17	cell = 640 to 647
-21	-2	17	9	14	2	-38	-18	cell = 648 to 655
15	6	22	17	-13	-26	2	11	cell = 656 to 663
-21	-8	-2	3	0	-23	-9	-12	cell = 664 to 671
-18	-16	-72	0	-22	18	21	-29	cell = 672 to 679
3	-19	-54	-30	-1	-48	1	-28	cell = 680 to 687
-23	67	-27	-25	-31	-18	-3	-27	cell = 688 to 695
2	-11	-31	-31	-21	-34	22	-27	cell = 696 to 703
-22	-18	-51	-32	-16	-23	-34	9	cell = 704 to 711
-5	-42	-47	23	-19	-21	-43	-22	cell = 712 to 719
-22	-3	-38	1	-6	-6	-24	-8	cell = 720 to 727
-19	-14	-5	1	-39	-21	-2	-25	cell = 728 to 735
-40	19	-11	-46	4	-4	-24	7	cell = 736 to 743
-11	-38	-34	-6	-22	-48	-7	-10	cell = 744 to 751
-26	13	-44	6	-18	-15	-24	-21	cell = 752 to 759
-29	2	28	-28	-45	-2	8	-8	cell = 760 to 767
39	-14	2	-30	-36	-16	-13	-28	cell = 768 to 775
29	-13	-22	-4	-52	1	-68	-4	cell = 776 to 783
-36	35	1	28	-1	-16	-8	-46	cell = 784 to 791
-32	35	-18	-6	-22	-34	-33	19	cell = 792 to 799
-52	-13	-16	-2	6	-13	-27	-38	cell = 800 to 807
-22	-32	-11	-12	-20	-24	-25	10	cell = 808 to 815
-36	-3	-32	0	-32	1	-31	-22	cell = 816 to 823
-25	-22	-32	-32	-22	0	-6	-12	cell = 824 to 831
-23	-23	-36	-50	6	-17	-43	12	cell = 832 to 839
-56	-42	-19	-35	-16	-47	-35	-30	cell = 840 to 847
-32	-24	9	-7	-27	-26	4	18	cell = 848 to 855
-33	-25	-39	-10	-57	-6	-45	-12	cell = 856 to 863
-12	7	0	7	-8	-9	0	11	cell = 864 to 871
-26	-2	-40	-23	-41	3	-16	-21	cell = 872 to 879
-43	-19	2	3	-17	-9	-22	4	cell = 880 to 887
-19	-9	-35	-21	-64	35	-9	5	cell = 888 to 895
-44	-20	-11	-20	-15	8	-32	-12	cell = 896 to 903
-16	-53	-52	-27	-12	14	-9	-5	cell = 904 to 911
-29	-14	-4	-15	-20	-5	20	-12	cell = 912 to 919
-37	-45	3	16	-39	-24	5	-22	cell = 920 to 927
-35	-14	13	0	7	-50	-50	-35	cell = 928 to 935
-9	9	23	-37	-14	-15	-36	2	cell = 936 to 943
-7	-7	-34	-35	-39	-50	-41	-2	cell = 944 to 951
-19	5	-42	-10	-32	-4	5	23	cell = 952 to 959
-1	-45	-19	-18	-36	-37	-20	-27	cell = 960 to 967
-25	-29	-25	10	11	-16	-10	-2	cell = 968 to 975
-2	0	5	-19	19	-45	-46	-10	cell = 976 to 983
-47	-6	7	8	17	-28	3	-19	cell = 984 to 991
-5	-31	-12	-23	-26	-42	-19	0	cell = 992 to 999
-3	-29	-7	-10	-2	-19	-34	0	cell = 1000 to 1007
-38	-28	-2	-7	-16	-20	-5	-5	cell = 1008 to 1015
-58	28	-47	-24	-32	-33	-26	-22	cell = 1016 to 1023
Calibration values from cell 0 to 1024 for channel 4:

23	3	13	-17	23	-1	46	-21	cell = 0 to 7
47	-31	66	24	36	-49	75	-8	cell = 8 to 15
23	19	61	-46	62	-3	41	-10	cell = 16 to 23
32	-24	16	-7	52	19	44	-45	cell = 24 to 31
80	3	66	-10	9	-24	28	-1	cell = 32 to 39
44	-11	35	-17	24	-39	18	-18	cell = 40 to 47
41	-9	45	2	40	-32	32	5	cell = 48 to 55
28	-32	53	-48	84	-4	44	27	cell = 56 to 63
46	7	17	15	41	-40	16	-21	cell = 64 to 71
51	-27	66	-1	81	-9	18	-2	cell = 72 to 79
41	-31	62	-4	4	-15	20	-36	cell = 80 to 87
80	-22	2	12	52	10	82	-19	cell = 88 to 95
12	-11	93	27	35	22	60	25	cell = 96 to 103
63	50	57	15	35	-53	71	1	cell = 104 to 111
69	14	67	9	40	29	44	7	cell = 112 to 119
14	-33	61	27	41	-29	19	6	cell = 120 to 127
67	-15	68	10	47	24	52	6	cell = 128 to 135
32	-19	13	-30	32	-54	50	35	cell = 136 to 143
55	-44	10	-41	52	-18	14	-31	cell = 144 to 151
44	-8	70	-7	24	0	30	-36	cell = 152 to 159
46	-17	28	-38	-5	21	30	11	cell = 160 to 167
51	21	50	25	57	-23	69	-12	cell = 168 to 175
60	-40	4	5	65	16	31	-6	cell = 176 to 183
74	-48	19	4	46	-10	50	25	cell = 184 to 191
57	-10	51	-10	17	-13	34	-2	cell = 192 to 199
4	-5	34	-12	0	25	35	-1	cell = 200 to 207
57	5	49	1	37	-42	38	-16	cell = 208 to 215
33	-37	31	-6	51	-1	61	2	cell = 216 to 223
47	21	37	-3	34	-20	37	-35	cell = 224 to 231
43	23	17	-15	41	-43	23	-28	cell = 232 to 239
21	8	5	12	85	-15	57	24	cell = 240 to 247
43	43	105	21	48	9	33	-17	cell = 248 to 255
20	-13	42	3	69	-19	42	-42	cell = 256 to 263
79	-28	32	5	33	-12	38	-27	cell = 264 to 271
22	-25	-2	23	48	12	40	-2	cell = 272 to 279
-8	-32	39	-16	36	-48	47	13	cell = 280 to 287
52	-16	61	1	58	12	97	-2	cell = 288 to 295
28	-22	47	6	48	-18	25	36	cell = 296 to 303
14	19	20	-11	65	6	36	-3	cell = 304 to 311
0	2	35	22	11	17	92	-26	cell = 312 to 319
44	-18	56	-17	61	-25	58	-32	cell = 320 to 327
49	-12	30	-33	35	-3	55	-5	cell = 328 to 335
20	-22	-1	-50	43	-5	-3	-39	cell = 336 to 343
27	-36	44	-32	60	-6	38	16	cell = 344 to 351
55	-2	49	27	56	-16	45	-19	cell = 352 to 359
61	-17	43	3	73	-4	56	-14	cell = 360 to 367
49	5	38	9	34	-6	-6	-15	cell = 368 to 375
36	-6	61	6	57	5	18	-14	cell = 376 to 383
35	38	63	-16	13	12	57	-22	cell = 384 to 391
22	3	70	-35	43	-16	74	-9	cell = 392 to 399
50	1	49	-16	37	-3	31	-6	cell = 400 to 407
41	4	63	4	90	6	8	-29	cell = 408 to 415
52	-10	50	-59	21	8	35	3	cell = 416 to 423
48	-49	79	-25	66	37	60	12	cell = 424 to 431
67	-6	46	-25	60	-12	35	4	cell = 432 to 439
58	-5	-5	-19	19	38	37	-10	cell = 440 to 447
52	0	40	-21	24	6	53	2	cell = 448 to 455
63	-35	3	-3	16	34	52	-1	cell = 456 to 463
59	-24	69	16	25	-17	25	-2	cell = 464 to 471
15	-48	23	-36	42	-4	3	8	cell = 472 to 479
53	2	31	-53	29	0	46	-44	cell = 480 to 487
46	-3	29	0	59	-25	30	-12	cell = 488 to 495
66	8	-17	-68	-33	-107	-9	-72	cell = 496 to 503
60	-28	14	-16	38	-32	63	-3	cell = 504 to 511
-34	-5	0	-12	-45	-8	-24	-38	cell = 512 to 519
-22	-65	-6	-14	-33	-23	-51	-45	cell = 520 to 527
11	-11	-63	-19	-20	-22	-32	-20	cell = 528 to 535
-13	7	-34	-25	-18	10	-2	-20	cell = 536 to 543
-28	-25	32	-34	-4	-30	-54	-17	cell = 544 to 551
-36	-26	1	-7	-33	-24	-35	28	cell = 552 to 559
17	-6	-18	-35	-30	-52	-12	-20	cell = 560 to 567
-5	-19	-28	-25	-24	-20	-25	5	cell = 568 to 575
-26	-37	-35	-12	-32	-47	1	-6	cell = 576 to 583
-37	-11	-40	16	-30	-14	-10	-40	cell = 584 to 591
-40	-20	19	-24	-14	-2	-11	2	cell = 592 to 599
18	-39	-50	-34	11	-17	-41	-13	cell = 600 to 607
1	-18	-9	6	-23	-43	0	-43	cell = 608 to 615
-16	18	-17	-1	-6	-26	21	-5	cell = 616 to 623
-10	-44	-29	-1	-22	-12	-28	-2	cell = 624 to 631
-34	5	3	19	5	-40	-21	11	cell = 632 to 639
-33	42	-23	17	-5	0	-50	-20	cell = 640 to 647
-36	-13	-17	-23	-3	8	3	-32	cell = 648 to 655
-14	-22	-33	-29	-58	-25	-20	-31	cell = 656 to 663
-23	-8	-1	-20	-9	-24	-34	-23	cell = 664 to 671
-4	5	2	5	-16	-46	-57	-42	cell = 672 to 679
-1	-30	15	19	-37	-15	-26	15	cell = 680 to 687
-19	-49	-19	-18	-14	2	-27	-42	cell = 688 to 695
9	-8	-46	-13	-42	-23	-34	-23	cell = 696 to 703
-39	-4	-16	-6	-13	-20	-14	10	cell = 704 to 711
-79	2	-47	-27	0	-47	32	-39	cell = 712 to 719
13	10	-7	17	-26	2	-43	-11	cell = 720 to 727
-38	-24	-34	-15	10	-43	-10	-29	cell = 728 to 735
-49	-10	-15	-19	-13	-2	-56	-29	cell = 736 to 743
-2	0	-26	-21	0	-16	-27	-35	cell = 744 to 751
3	-15	6	11	23	-30	-25	-48	cell = 752 to 759
-12	-19	-31	-39	2	-23	-10	-5	cell = 760 to 767
-39	-11	-14	27	-7	-22	-5	4	cell = 768 to 775
28	-12	-17	-40	-25	6	-37	37	cell = 776 to 783
-19	-26	3	-16	-54	-32	-38	29	cell = 784 to 791
-54	26	-39	-15	-2	-33	-10	-14	cell = 792 to 799
-33	2	-4	-29	-32	-19	32	-10	cell = 800 to 807
3	25	-26	-12	-23	-13	-39	-22	cell = 808 to 815
-34	0	-14	13	-12	0	4	31	cell = 816 to 823
-9	-9	-43	-31	-51	6	-6	-6	cell = 824 to 831
-18	-10	-22	-2	-20	-11	-41	-67	cell = 832 to 839
-30	13	-50	-40	-19	-3	-33	-12	cell = 840 to 847
-40	4	-20	-58	8	3	1	-71	cell = 848 to 855
-15	14	-37	0	2	31	-18	-57	cell = 856 to 863
-10	-39	-6	-24	-2	-13	8	-2	cell = 864 to 871
-67	-24	-28	-1	8	-22	-16	-5	cell = 872 to 879
-12	-28	12	6	-1	2	-16	-28	cell = 880 to 887
-37	-32	-3	-21	-58	-24	-39	-45	cell = 888 to 895
6	-3	17	24	15	10	-14	4	cell = 896 to 903
-35	6	1	-29	-30	8	-26	-28	cell = 904 to 911
-59	16	27	-31	-8	4	-14	-13	cell = 912 to 919
-4	-31	-16	6	-23	4	16	-23	cell = 920 to 927
-10	29	-22	-31	-14	-30	-9	-36	cell = 928 to 935
-60	-1	-9	17	-44	4	-13	15	cell = 936 to 943
-24	2	-8	-14	-8	-38	-38	-37	cell = 944 to 951
-21	-6	-13	3	-16	-56	18	-23	cell = 952 to 959
5	-37	0	-27	6	6	-74	1	cell = 960 to 967
-68	-11	-10	-18	-27	-6	-10	-14	cell = 968 to 975
-2	-17	27	-42	-10	-24	-33	-29	cell = 976 to 983
-48	-9	23	-41	10	7	-1	-24	cell = 984 to 991
-53	-5	-42	13	-40	5	0	-2	cell = 992 to 999
12	-13	-72	-8	-14	4	5	-21	cell = 1000 to 1007
-28	-8	-10	-12	-31	-29	-15	4	cell = 1008 to 1015
-35	-10	-23	-13	-46	-28	-29	0	cell = 1016 to 1023
Calibration values from cell 0 to 1024 for channel 5:

32	10	25	-15	70	-18	1	-26	cell = 0 to 7
30	11	45	-30	57	15	62	13	cell = 8 to 15
42	-20	81	11	31	-18	40	-1	cell = 16 to 23
41	-8	55	-31	-1	1	20	-16	cell = 24 to 31
2	0	55	-4	47	-15	46	-2	cell = 32 to 39
50	-27	45	-49	67	-3	65	-38	cell = 40 to 47
43	-23	32	-21	10	5	58	-50	cell = 48 to 55
28	-24	76	-36	49	2	77	11	cell = 56 to 63
83	4	73	7	33	17	46	16	cell = 64 to 71
44	12	34	14	61	-27	42	-16	cell = 72 to 79
64	-43	11	-4	41	-4	27	-23	cell = 80 to 87
54	-3	30	-9	69	-4	40	3	cell = 88 to 95
76	-7	75	39	39	13	41	-20	cell = 96 to 103
31	-13	50	23	39	15	49	1	cell = 104 to 111
32	-21	79	-15	76	28	9	36	cell = 112 to 119
43	22	13	9	17	-23	54	7	cell = 120 to 127
42	24	40	-23	68	32	22	-23	cell = 128 to 135
33	-18	53	28	55	2	46	-23	cell = 136 to 143
53	-7	45	-22	46	-38	35	12	cell = 144 to 151
42	-11	18	-14	49	-16	54	-18	cell = 152 to 159
62	7	79	-15	29	-17	30	-27	cell = 160 to 167
37	-29	47	-4	32	13	67	-10	cell = 168 to 175
52	-32	69	-25	45	-70	51	-10	cell = 176 to 183
43	-26	39	-47	63	-26	44	26	cell = 184 to 191
65	15	54	8	23	20	10	-6	cell = 192 to 199
-4	-9	20	12	52	-8	33	2	cell = 200 to 207
89	16	45	-47	27	-23	34	9	cell = 208 to 215
20	-27	66	-8	32	22	61	0	cell = 216 to 223
44	-21	35	-1	-4	-22	32	-6	cell = 224 to 231
54	14	54	15	24	-9	56	18	cell = 232 to 239
88	-28	33	-21	35	21	38	-45	cell = 240 to 247
53	2	46	-21	58	-27	9	-14	cell = 248 to 255
48	-24	44	-48	44	-46	71	-4	cell = 256 to 263
1	-7	30	5	22	-2	37	-17	cell = 264 to 271
33	18	27	-1	23	11	56	42	cell = 272 to 279
14	-26	47	1	22	-20	21	-20	cell = 280 to 287
55	21	36	48	50	3	19	1	cell = 288 to 295
85	13	65	0	34	-9	19	-16	cell = 296 to 303
80	8	28	20	55	-4	43	-2	cell = 304 to 311
12	-40	49	16	25	-29	65	-29	cell = 312 to 319
47	0	45	0	57	11	47	-19	cell = 320 to 327
45	27	68	-14	12	-28	99	-30	cell = 328 to 335
39	-11	68	-7	39	-11	32	11	cell = 336 to 343
52	-8	20	-17	41	-10	54	-16	cell = 344 to 351
22	-18	39	-48	55	-5	1	-33	cell = 352 to 359
25	-9	7	-12	41	-19	12	-27	cell = 360 to 367
32	-15	43	-3	33	17	39	3	cell = 368 to 375
45	-27	55	-11	27	-7	21	-16	cell = 376 to 383
46	0	86	1	20	-28	81	18	cell = 384 to 391
61	-2	60	38	69	-38	76	-14	cell = 392 to 399
41	-43	47	24	0	-10	59	-23	cell = 400 to 407
25	-57	12	27	40	10	76	-10	cell = 408 to 415
40	10	50	-37	81	-3	17	29	cell = 416 to 423
74	28	29	8	51	-45	33	12	cell = 424 to 431
17	26	56	-22	71	-32	25	-31	cell = 432 to 439
69	-30	34	-13	44	4	22	20	cell = 440 to 447
67	10	94	-6	51	-4	64	-11	cell = 448 to 455
64	42	47	-5	38	5	39	34	cell = 456 to 463
41	-27	24	-26	28	-10	31	-4	cell = 464 to 471
38	-33	54	5	32	-4	64	-20	cell = 472 to 479
62	15	61	-43	53	-14	52	-12	cell = 480 to 487
26	-2	54	-21	25	-28	-1	-43	cell = 488 to 495
30	-21	-26	-66	-25	-78	-53	-100	cell = 496 to 503
45	-50	21	-37	11	-16	57	-38	cell = 504 to 511
-65	-21	-7	-56	-32	-33	-52	-17	cell = 512 to 519
-25	-19	-34	2	-17	-1	-48	7	cell = 520 to 527
-31	-35	-2	-10	-40	-23	-21	-23	cell = 528 to 535
-67	-42	-38	-4	-43	-12	-28	-13	cell = 536 to 543
-31	-23	-13	-43	-42	-3	-27	-38	cell = 544 to 551
-42	-21	-60	-20	-58	-20	-78	10	cell = 552 to 559
-30	6	13	-56	-38	-8	-8	-37	cell = 560 to 567
-29	-27	10	-23	-30	-19	-13	1	cell = 568 to 575
-3	-28	0	3	-30	13	-44	15	cell = 576 to 583
-17	-15	-5	23	-29	-6	-41	-19	cell = 584 to 591
-4	-1	-43	-33	-23	-40	-2	-4	cell = 592 to 599
-51	-2	-9	-17	-21	-10	-32	-8	cell = 600 to 607
-17	-24	-15	-20	-6	1	-20	-31	cell = 608 to 615
-52	-11	-60	10	5	-23	-11	-8	cell = 616 to 623
-23	18	-31	-23	-29	-18	-14	-4	cell = 624 to 631
-19	-18	-8	16	-12	14	-20	-34	cell = 632 to 639
0	13	-48	-5	-28	-8	-21	27	cell = 640 to 647
-21	3	-5	-6	7	-23	-24	-13	cell = 648 to 655
-18	4	-12	-23	-6	-79	-51	-12	cell = 656 to 663
-69	-13	-27	18	0	4	18	39	cell = 664 to 671
25	-14	-51	-60	-40	-12	7	13	cell = 672 to 679
-43	7	-16	-24	-14	-17	-23	17	cell = 680 to 687
-30	-43	5	-10	-21	-16	-17	10	cell = 688 to 695
-9	-44	-23	-33	-48	-31	-11	-23	cell = 696 to 703
-40	-39	5	-32	-21	-42	-8	-32	cell = 704 to 711
-8	-32	0	-13	22	-7	35	28	cell = 712 to 719
-29	-14	-38	4	37	5	-35	-4	cell = 720 to 727
-25	-15	-56	-7	-8	6	-10	-43	cell = 728 to 735
-30	18	-15	-18	-21	-7	-24	3	cell = 736 to 743
-10	-27	-24	-30	-7	-26	3	-18	cell = 744 to 751
-3	-13	-11	-21	-11	17	12	-35	cell = 752 to 759
-31	9	4	2	6	-53	-5	-39	cell = 760 to 767
-37	-19	7	-17	-57	-17	-21	-48	cell = 768 to 775
1	-21	-67	-10	-33	6	-12	5	cell = 776 to 783
-16	-20	-10	-9	-39	1	5	-18	cell = 784 to 791
-54	-25	-54	38	-5	-55	-19	9	cell = 792 to 799
-41	12	-12	15	-43	9	-27	-54	cell = 800 to 807
-11	-29	-31	-12	-21	-14	20	-48	cell = 808 to 815
-31	-41	18	-13	-28	-9	12	-21	cell = 816 to 823
-39	-40	-19	-22	-29	-33	25	16	cell = 824 to 831
-25	-19	-5	15	16	-14	-10	-4	cell = 832 to 839
-4	-21	-27	44	-29	-8	-17	23	cell = 840 to 847
-3	-18	-40	-49	-22	21	-22	-18	cell = 848 to 855
-27	-25	-54	-38	-1	-34	-23	-7	cell = 856 to 863
-10	13	-12	-53	-45	27	-12	-26	cell = 864 to 871
-6	-33	-31	-8	-32	-11	-13	-34	cell = 872 to 879
-13	1	-11	-8	7	-26	6	-46	cell = 880 to 887
11	-7	-5	-4	-12	-21	3	-34	cell = 888 to 895
-35	-22	-23	0	-37	-17	-25	5	cell = 896 to 903
-20	-23	-10	-25	0	-7	-23	-6	cell = 904 to 911
17	8	-3	12	-2	0	-32	-23	cell = 912 to 919
-29	14	10	-16	-57	3	-16	-23	cell = 920 to 927
-52	-60	-34	-46	-17	-15	-26	-5	cell = 928 to 935
-11	-8	21	-49	-9	-15	-28	16	cell = 936 to 943
-31	-16	7	-19	-15	-6	16	-26	cell = 944 to 951
-19	1	-9	-42	-63	-9	6	-12	cell = 952 to 959
-2	-11	-61	-26	-22	-4	-16	-25	cell = 960 to 967
-1	18	-54	1	-30	-26	-31	-25	cell = 968 to 975
-3	-3	-43	-21	-7	-33	6	-38	cell = 976 to 983
1	10	-18	-29	-18	18	-26	-7	cell = 984 to 991
-25	1	-22	14	-33	-25	-18	31	cell = 992 to 999
-32	-9	-31	-17	2	-20	-19	-19	cell = 1000 to 1007
21	-11	-37	-41	-31	-21	-5	-66	cell = 1008 to 1015
-43	-39	-31	7	-55	11	-6	-3	cell = 1016 to 1023
Calibration values from cell 0 to 1024 for channel 6:

35	33	44	-51	42	12	50	21	cell = 0 to 7
76	-18	27	-28	66	33	32	19	cell = 8 to 15
65	-23	42	-7	57	9	44	-20	cell = 16 to 23
38	0	68	24	16	43	20	-15	cell = 24 to 31
68	-12	28	11	68	1	40	-57	cell = 32 to 39
38	-8	37	-7	59	1	31	-8	cell = 40 to 47
19	8	46	8	51	-3	29	10	cell = 48 to 55
27	-45	62	44	42	1	41	-24	cell = 56 to 63
29	-31	23	-2	54	-40	19	-12	cell = 64 to 71
51	16	56	26	31	-34	36	-1	cell = 72 to 79
53	4	17	9	39	4	35	-74	cell = 80 to 87
86	23	22	-26	9	-26	28	-29	cell = 88 to 95
31	10	37	7	11	26	23	-57	cell = 96 to 103
23	-13	34	-17	70	-6	33	-13	cell = 104 to 111
73	-8	10	-25	58	-3	74	0	cell = 112 to 119
27	-27	57	5	70	23	26	-24	cell = 120 to 127
58	9	0	0	22	-3	71	8	cell = 128 to 135
19	3	39	-27	42	-24	37	-29	cell = 136 to 143
40	-18	41	15	28	0	50	-45	cell = 144 to 151
74	27	76	-22	54	0	38	-21	cell = 152 to 159
58	-2	45	-44	56	0	7	-20	cell = 160 to 167
33	-8	16	-12	53	-4	86	-1	cell = 168 to 175
51	19	42	25	37	5	30	0	cell = 176 to 183
46	3	46	5	71	-3	47	-7	cell = 184 to 191
25	15	49	3	107	4	19	-7	cell = 192 to 199
25	15	31	12	33	2	10	23	cell = 200 to 207
36	10	10	16	55	-8	2	-35	cell = 208 to 215
23	-11	42	-13	4	-37	-8	-4	cell = 216 to 223
100	-37	25	-69	39	-14	3	-46	cell = 224 to 231
21	13	33	-30	18	32	58	9	cell = 232 to 239
88	36	34	-35	44	-20	16	-3	cell = 240 to 247
29	-36	29	-32	41	-11	54	-31	cell = 248 to 255
44	35	74	36	15	38	40	-19	cell = 256 to 263
33	-12	27	-12	35	-19	47	-11	cell = 264 to 271
22	0	42	-6	15	-1	65	-29	cell = 272 to 279
-13	-2	60	-25	17	16	56	36	cell = 280 to 287
78	-19	36	8	24	-13	35	6	cell = 288 to 295
31	-34	7	15	66	2	37	-30	cell = 296 to 303
37	-27	29	-42	24	-6	46	-42	cell = 304 to 311
58	-15	63	-43	16	29	43	32	cell = 312 to 319
69	9	50	-15	46	-28	31	-39	cell = 320 to 327
22	-27	70	-20	55	4	20	1	cell = 328 to 335
0	10	12	-25	45	12	43	0	cell = 336 to 343
46	5	41	20	48	13	26	-4	cell = 344 to 351
25	11	50	-12	46	-12	33	11	cell = 352 to 359
2	-36	35	-33	41	2	40	-15	cell = 360 to 367
76	5	4	43	44	18	20	-19	cell = 368 to 375
43	11	50	-13	57	-22	48	31	cell = 376 to 383
12	-26	40	-24	13	-37	11	-27	cell = 384 to 391
-2	-9	23	5	44	34	44	3	cell = 392 to 399
27	20	40	-13	28	-6	23	-2	cell = 400 to 407
31	-2	59	-1	47	-12	56	0	cell = 408 to 415
28	2	47	-21	15	4	25	24	cell = 416 to 423
69	-21	41	-26	13	13	50	-25	cell = 424 to 431
12	-22	25	-40	18	1	32	-20	cell = 432 to 439
45	-48	56	-15	56	5	31	-41	cell = 440 to 447
31	2	21	27	45	-22	41	-3	cell = 448 to 455
86	-30	30	5	67	-1	46	4	cell = 456 to 463
67	14	52	12	39	-31	52	-24	cell = 464 to 471
31	19	43	-27	45	-43	57	-13	cell = 472 to 479
16	11	74	-26	15	2	30	-10	cell = 480 to 487
52	-29	18	14	32	8	70	-29	cell = 488 to 495
45	-9	-15	-72	-32	-112	-37	-63	cell = 496 to 503
-13	-19	56	-10	29	-10	67	-33	cell = 504 to 511
6	-50	-15	-24	9	-8	2	-32	cell = 512 to 519
-29	-6	-51	-22	-16	-2	-46	-24	cell = 520 to 527
-13	-57	-23	12	44	12	-51	-40	cell = 528 to 535
7	-35	-19	-17	16	-16	10	36	cell = 536 to 543
-16	-12	-24	-7	-41	0	-20	-37	cell = 544 to 551
-14	-24	-28	2	-10	-31	-9	-10	cell = 552 to 559
-3	-24	-6	-4	-7	-6	-14	-6	cell = 560 to 567
-28	-6	-41	-31	-44	-23	-22	-26	cell = 568 to 575
-26	-42	-13	3	-16	-45	-58	15	cell = 576 to 583
3	23	-31	-8	6	-7	-19	24	cell = 584 to 591
-3	-22	-24	-16	-27	3	-43	11	cell = 592 to 599
-16	-20	1	-18	-6	-6	17	1	cell = 600 to 607
-7	-9	-17	-4	-27	10	-20	-42	cell = 608 to 615
-35	-31	18	15	-31	12	-32	-21	cell = 616 to 623
54	-8	-29	-3	7	13	-67	-6	cell = 624 to 631
-12	14	-15	8	-29	-32	-18	-20	cell = 632 to 639
1	-30	-22	-20	-24	14	16	-20	cell = 640 to 647
21	0	-48	0	-28	-23	-8	7	cell = 648 to 655
-25	-13	13	18	-9	1	-13	-24	cell = 656 to 663
-4	-23	-19	-15	-33	-23	-49	-32	cell = 664 to 671
-4	-47	-19	-16	-4	-61	-29	-28	cell = 672 to 679
-32	-20	-27	-51	-31	-28	-41	-12	cell = 680 to 687
-77	-42	30	-34	11	-21	15	-14	cell = 688 to 695
-21	8	-26	0	-34	-14	-16	-24	cell = 696 to 703
-19	-15	11	-9	-6	-59	-70	-13	cell = 704 to 711
-46	-40	-33	2	10	-23	-20	-11	cell = 712 to 719
11	-2	-49	-12	-26	17	6	12	cell = 720 to 727
-5	10	-27	8	-1	-45	-9	-20	cell = 728 to 735
10	17	-17	-29	16	-12	0	-2	cell = 736 to 743
21	-17	-67	-13	17	16	-50	-8	cell = 744 to 751
-29	-13	-10	-28	-20	-21	-12	23	cell = 752 to 759
-31	-15	-14	-37	-72	-33	0	-8	cell = 760 to 767
-12	-19	-5	-21	16	-19	-20	-32	cell = 768 to 775
-38	-36	-15	0	-25	-9	-32	-7	cell = 776 to 783
-36	-34	-6	0	-22	-15	0	-28	cell = 784 to 791
-17	-47	2	8	-22	-30	0	-24	cell = 792 to 799
7	26	-56	-14	-54	-5	-25	-13	cell = 800 to 807
-13	-23	-70	-18	-83	13	25	-37	cell = 808 to 815
-15	30	-2	34	-19	-15	-50	32	cell = 816 to 823
-15	13	-50	-20	-34	-27	23	-12	cell = 824 to 831
-12	12	-19	-3	-26	-15	-52	-37	cell = 832 to 839
-33	2	-47	-27	-18	18	-33	-16	cell = 840 to 847
-16	-18	-13	0	-23	-10	-20	-4	cell = 848 to 855
-17	-37	-8	3	9	6	24	-5	cell = 856 to 863
3	18	-10	-24	7	-11	-3	-39	cell = 864 to 871
-17	-37	-58	-18	-14	-11	-26	13	cell = 872 to 879
29	-12	-29	-21	-23	8	-43	-15	cell = 880 to 887
-58	-27	-12	-9	-16	-6	-82	11	cell = 888 to 895
11	-9	13	-1	-38	-9	5	-18	cell = 896 to 903
-11	0	-29	-30	-25	8	26	-18	cell = 904 to 911
-29	18	-23	19	-37	4	-43	-14	cell = 912 to 919
-41	-15	-14	-10	-20	-10	-14	12	cell = 920 to 927
-1	-16	-17	11	37	-56	5	-13	cell = 928 to 935
-26	17	10	-21	-28	3	-51	5	cell = 936 to 943
-14	-3	-35	-3	-23	-24	-41	-50	cell = 944 to 951
5	-37	-31	5	-9	-35	-16	-9	cell = 952 to 959
8	-40	9	-29	-30	-10	-52	-28	cell = 960 to 967
-8	-17	-13	-39	-41	5	-27	-9	cell = 968 to 975
-9	-9	-15	13	-55	10	-33	-35	cell = 976 to 983
-4	-22	-16	6	-10	-9	-44	-7	cell = 984 to 991
-10	-24	6	-24	14	2	-34	-3	cell = 992 to 999
8	-47	-25	-24	-34	-25	-12	-15	cell = 1000 to 1007
-6	-14	-41	-34	-5	-9	-35	-18	cell = 1008 to 1015
-64	2	-33	-11	-9	-63	-31	-42	cell = 1016 to 1023
Calibration values from cell 0 to 1024 for channel 7:

39	-16	76	-2	24	14	79	1	cell = 0 to 7
16	-53	51	-58	28	-2	65	-20	cell = 8 to 15
65	16	62	4	48	3	39	-36	cell = 16 to 23
91	-25	36	-17	31	17	18	-11	cell = 24 to 31
62	-16	64	20	17	-28	-12	35	cell = 32 to 39
6	-5	19	-56	20	-9	62	-35	cell = 40 to 47
97	32	69	38	41	-37	55	2	cell = 48 to 55
37	-2	60	-10	45	-11	57	15	cell = 56 to 63
59	7	32	4	46	3	4	-21	cell = 64 to 71
53	-31	30	-32	8	-5	69	31	cell = 72 to 79
40	-13	53	-12	29	-21	82	2	cell = 80 to 87
19	-8	25	-26	48	5	7	-18	cell = 88 to 95
71	-11	63	-5	70	22	18	7	cell = 96 to 103
9	-15	27	20	51	-48	26	-27	cell = 104 to 111
59	-9	40	-4	50	-13	56	-30	cell = 112 to 119
38	-3	22	-17	43	-32	73	-11	cell = 120 to 127
37	1	69	-7	33	-14	63	-43	cell = 128 to 135
28	-31	53	-7	69	-22	-4	-31	cell = 136 to 143
43	1	38	-29	34	-15	45	-5	cell = 144 to 151
32	-32	50	0	62	-15	25	-6	cell = 152 to 159
49	-45	51	-8	29	-22	43	2	cell = 160 to 167
74	1	33	8	49	-17	54	1	cell = 168 to 175
27	-49	32	-16	35	-19	53	-7	cell = 176 to 183
32	-18	8	-12	32	-4	47	-7	cell = 184 to 191
54	-38	64	14	28	2	70	-54	cell = 192 to 199
45	2	52	-25	88	24	72	1	cell = 200 to 207
48	-6	16	-8	44	9	12	20	cell = 208 to 215
31	0	60	15	5	-7	15	2	cell = 216 to 223
53	14	46	-27	48	-46	39	-69	cell = 224 to 231
25	-14	13	0	35	-1	-16	-21	cell = 232 to 239
26	32	41	-21	35	-8	38	-47	cell = 240 to 247
-10	29	12	-25	58	15	62	-12	cell = 248 to 255
42	-29	51	-14	29	-18	21	-17	cell = 256 to 263
54	-3	34	12	14	41	42	-9	cell = 264 to 271
68	-35	49	18	-10	31	64	1	cell = 272 to 279
73	-9	33	-27	30	-36	53	-10	cell = 280 to 287
57	-8	30	9	48	-26	62	17	cell = 288 to 295
61	-17	64	1	60	-22	41	-34	cell = 296 to 303
14	-52	39	-8	57	-20	37	-46	cell = 304 to 311
29	-21	38	3	33	-2	46	-20	cell = 312 to 319
38	0	45	-2	21	1	35	-14	cell = 320 to 327
31	-32	19	0	11	-12	62	-16	cell = 328 to 335
19	-38	5	-19	36	-46	47	-10	cell = 336 to 343
24	22	56	25	58	-2	45	-3	cell = 344 to 351
25	-24	6	-25	40	-40	54	-23	cell = 352 to 359
22	4	28	-31	62	28	-1	-10	cell = 360 to 367
36	10	34	-21	30	10	40	-24	cell = 368 to 375
56	-39	37	-10	32	-42	65	-25	cell = 376 to 383
11	-35	53	-35	20	-9	74	-6	cell = 384 to 391
41	-3	38	-29	59	-47	76	12	cell = 392 to 399
74	-50	12	16	67	40	59	-29	cell = 400 to 407
59	-32	39	-29	54	-22	87	-8	cell = 408 to 415
55	-68	14	10	41	0	11	-7	cell = 416 to 423
54	-36	74	14	0	-39	51	34	cell = 424 to 431
33	-44	64	-2	30	-16	41	-22	cell = 432 to 439
37	-22	58	30	62	12	19	24	cell = 440 to 447
70	-2	22	-19	40	25	29	-5	cell = 448 to 455
34	5	47	0	33	-47	49	26	cell = 456 to 463
44	5	34	-3	6	-23	39	22	cell = 464 to 471
53	-4	30	-9	44	1	45	-8	cell = 472 to 479
36	-11	26	2	33	-26	29	19	cell = 480 to 487
-4	-58	50	-33	73	-14	37	-24	cell = 488 to 495
21	4	-66	-76	-28	-54	-56	-89	cell = 496 to 503
58	-58	7	14	10	-14	49	-11	cell = 504 to 511
8	-54	13	-20	14	-8	-39	-21	cell = 512 to 519
-39	-5	-8	26	4	17	-14	-5	cell = 520 to 527
-12	-3	-70	-46	-35	-26	-15	1	cell = 528 to 535
-18	-29	-18	0	-45	-22	-25	9	cell = 536 to 543
4	-36	16	3	8	17	-21	-45	cell = 544 to 551
-5	-70	-37	-23	-21	6	-6	-19	cell = 552 to 559
-13	-17	4	-35	-37	1	-13	-5	cell = 560 to 567
-29	-39	-34	-14	-22	-8	-14	-15	cell = 568 to 575
-45	-44	5	-7	-43	-9	-56	-17	cell = 576 to 583
-22	-24	-28	61	-5	-13	-34	11	cell = 584 to 591
-71	-20	-10	-15	30	-26	9	-19	cell = 592 to 599
-14	-6	5	-11	-15	-42	8	-12	cell = 600 to 607
0	-12	-28	-2	2	6	-25	-19	cell = 608 to 615
-48	-3	-17	-39	0	-24	-18	-27	cell = 616 to 623
-3	-8	-3	1	8	-21	0	-19	cell = 624 to 631
-34	-19	15	-17	19	-5	-37	-15	cell = 632 to 639
-34	-2	-27	-14	-32	-11	-21	-12	cell = 640 to 647
-20	-5	20	23	-55	-2	-43	-3	cell = 648 to 655
-23	-47	11	-26	-21	-24	14	-35	cell = 656 to 663
6	-2	-12	-16	-22	-23	-47	-40	cell = 664 to 671
-36	-24	-12	-19	-28	-16	-4	24	cell = 672 to 679
-39	-11	-26	17	-7	-12	-8	-23	cell = 680 to 687
-9	-18	1	-9	0	-16	-45	0	cell = 688 to 695
-32	2	7	-15	1	-47	-12	-13	cell = 696 to 703
21	6	2	-4	-2	-22	-3	-11	cell = 704 to 711
-7	-15	-51	-5	-37	1	-4	-25	cell = 712 to 719
18	-11	2	3	-32	-11	16	-3	cell = 720 to 727
-44	-51	-23	-26	-10	4	-19	22	cell = 728 to 735
-27	-28	-2	-7	-45	13	-6	-41	cell = 736 to 743
-8	0	-30	-6	-23	-25	9	-24	cell = 744 to 751
-18	-25	-38	4	-33	8	-52	5	cell = 752 to 759
-58	2	11	-12	-8	-41	-28	20	cell = 760 to 767
-50	-19	-2	18	-53	0	-39	-31	cell = 768 to 775
-48	-27	-47	-24	-37	-6	-33	-46	cell = 776 to 783
1	-35	-16	-44	22	14	13	-22	cell = 784 to 791
-51	-4	-22	16	-32	20	-22	-4	cell = 792 to 799
-10	-8	-33	23	-10	-12	-19	-42	cell = 800 to 807
6	-39	1	-2	7	-3	-11	-2	cell = 808 to 815
-53	-28	-44	-28	-6	-15	7	43	cell = 816 to 823
-34	-17	-5	21	-19	-14	7	1	cell = 824 to 831
11	-28	-14	6	-16	2	-24	-30	cell = 832 to 839
-47	-12	-9	5	2	-44	-30	-11	cell = 840 to 847
-9	-3	-4	-3	-13	-40	-2	-29	cell = 848 to 855
-8	4	-22	-32	-53	-5	6	13	cell = 856 to 863
-3	-15	-11	10	-56	-18	-40	-18	cell = 864 to 871
-38	-16	19	-43	1	9	-18	-26	cell = 872 to 879
-24	3	-22	-22	20	-23	-23	-1	cell = 880 to 887
-12	-28	-17	-26	-20	0	-38	-8	cell = 888 to 895
-20	-14	-37	-35	7	-5	-16	-15	cell = 896 to 903
-35	-23	-11	27	-12	-41	-38	15	cell = 904 to 911
-8	5	-18	-20	-4	-45	-36	-11	cell = 912 to 919
-50	-14	-34	-21	-30	0	-14	-15	cell = 920 to 927
8	17	-23	-2	-4	-18	2	2	cell = 928 to 935
-41	-63	-20	-2	28	-8	-5	-39	cell = 936 to 943
-38	-35	-21	-17	-18	5	-33	8	cell = 944 to 951
-27	8	-7	-2	-7	-20	-33	11	cell = 952 to 959
-42	24	6	24	-12	32	-18	22	cell = 960 to 967
-16	-1	25	3	-4	-4	11	-32	cell = 968 to 975
-40	-27	-30	29	-12	-17	5	11	cell = 976 to 983
-59	31	5	-21	-46	-43	-11	27	cell = 984 to 991
-7	-10	24	-11	-2	-18	-13	11	cell = 992 to 999
-12	-28	0	-19	4	3	-37	-16	cell = 1000 to 1007
19	-21	-27	-24	-52	4	-5	-55	cell = 1008 to 1015
-57	8	-55	3	-34	20	-31	9	cell = 1016 to 1023
Calibration values from cell 0 to 1024 for channel 8:

60	10	33	18	47	23	18	-12	cell = 0 to 7
41	-16	40	-27	60	-31	58	-9	cell = 8 to 15
46	-22	62	39	24	-7	66	25	cell = 16 to 23
47	-6	56	-32	0	18	30	15	cell = 24 to 31
36	35	73	17	70	21	33	-13	cell = 32 to 39
55	33	63	-36	37	-48	46	-23	cell = 40 to 47
44	6	31	-33	22	11	16	-18	cell = 48 to 55
26	17	18	-28	55	6	29	-20	cell = 56 to 63
60	26	31	-22	21	-18	46	-43	cell = 64 to 71
29	11	61	16	72	-16	65	34	cell = 72 to 79
62	16	19	-2	47	-8	61	7	cell = 80 to 87
82	-18	67	-27	33	-19	42	-9	cell = 88 to 95
68	-6	25	9	68	8	51	-12	cell = 96 to 103
69	10	40	-18	62	20	60	41	cell = 104 to 111
32	-10	33	-40	43	19	14	31	cell = 112 to 119
36	-20	66	-31	29	-11	56	-2	cell = 120 to 127
34	29	23	-3	25	-1	35	-6	cell = 128 to 135
68	-18	63	12	43	7	40	-39	cell = 136 to 143
24	20	33	-17	77	-13	71	1	cell = 144 to 151
64	-8	60	-12	43	-6	23	5	cell = 152 to 159
32	-12	40	4	30	-47	17	-5	cell = 160 to 167
50	-16	52	-32	37	-32	81	8	cell = 168 to 175
54	-13	70	25	34	7	18	-22	cell = 176 to 183
10	-24	35	-32	54	26	32	-28	cell = 184 to 191
32	-5	66	2	49	18	79	8	cell = 192 to 199
56	-5	33	6	48	-34	56	-32	cell = 200 to 207
53	-36	45	12	49	-9	8	-16	cell = 208 to 215
42	1	50	-33	33	-4	33	-29	cell = 216 to 223
47	32	40	-35	38	17	54	-11	cell = 224 to 231
29	-3	42	-32	56	-2	33	-9	cell = 232 to 239
58	-18	32	23	65	0	74	-6	cell = 240 to 247
54	18	20	-23	30	9	58	30	cell = 248 to 255
53	18	46	-10	59	17	57	-16	cell = 256 to 263
63	-26	23	-33	43	-14	43	-15	cell = 264 to 271
40	-24	72	-12	38	10	32	-6	cell = 272 to 279
18	8	8	23	79	-5	36	16	cell = 280 to 287
40	-22	23	-15	46	13	2	-18	cell = 288 to 295
14	4	72	1	62	-30	32	2	cell = 296 to 303
57	-35	36	-15	19	-3	80	-16	cell = 304 to 311
53	-4	42	-24	57	-32	23	-17	cell = 312 to 319
59	2	23	-23	47	29	42	-18	cell = 320 to 327
5	-8	75	-38	46	-28	61	-34	cell = 328 to 335
30	-47	52	-2	72	-74	10	-8	cell = 336 to 343
42	-13	59	-24	39	33	21	-12	cell = 344 to 351
102	-43	37	-9	65	-32	47	-17	cell = 352 to 359
18	-39	59	12	61	-13	29	-26	cell = 360 to 367
37	-13	40	23	46	22	18	-29	cell = 368 to 375
52	-10	26	-33	48	-37	32	-21	cell = 376 to 383
34	34	19	-4	5	5	53	3	cell = 384 to 391
-5	-9	26	3	38	-13	65	-22	cell = 392 to 399
39	15	51	-26	72	-2	32	-25	cell = 400 to 407
12	0	34	-17	35	-27	55	-61	cell = 408 to 415
12	19	44	-21	45	-21	16	-27	cell = 416 to 423
37	-5	30	-12	71	-10	52	-8	cell = 424 to 431
9	-31	64	-31	62	10	46	-51	cell = 432 to 439
50	-40	45	-27	58	-21	17	-34	cell = 440 to 447
29	-32	87	-14	40	-7	73	-27	cell = 448 to 455
47	-8	54	-35	33	-24	43	-39	cell = 456 to 463
43	27	64	-23	12	3	56	-66	cell = 464 to 471
38	-46	24	-41	23	-6	42	18	cell = 472 to 479
46	-9	52	-34	80	25	50	-37	cell = 480 to 487
30	-39	36	-41	14	26	46	-48	cell = 488 to 495
70	3	-4	-98	-15	-91	-47	-94	cell = 496 to 503
41	19	58	-40	35	-20	50	-9	cell = 504 to 511
4	-38	2	-3	-12	-22	-61	-65	cell = 512 to 519
-36	-21	-9	-41	-58	7	-18	-39	cell = 520 to 527
-32	4	-38	2	4	-12	-26	-4	cell = 528 to 535
-32	-6	-3	-30	-2	-24	-21	-22	cell = 536 to 543
-6	-14	-8	0	-9	-57	-48	17	cell = 544 to 551
-13	-25	-25	-6	-24	20	-14	-8	cell = 552 to 559
-37	-1	-14	21	23	-32	-20	1	cell = 560 to 567
-3	-18	-3	-19	-53	-6	-42	-38	cell = 568 to 575
-19	2	-44	-22	-24	1	-57	-4	cell = 576 to 583
0	-32	-16	-25	-53	10	5	-19	cell = 584 to 591
10	9	0	-49	-18	-38	-30	-9	cell = 592 to 599
-26	-13	-49	-32	-23	1	-23	-14	cell = 600 to 607
2	-23	2	5	-33	-11	-3	-9	cell = 608 to 615
-66	-11	-31	-34	-19	0	-27	6	cell = 616 to 623
-9	3	1	-37	-42	9	-36	-12	cell = 624 to 631
-15	7	-32	9	-5	-20	-18	-30	cell = 632 to 639
-22	-81	-18	-21	-19	-22	5	3	cell = 640 to 647
-25	-10	-24	31	13	-23	1	-7	cell = 648 to 655
-39	9	-41	13	1	-20	-23	-18	cell = 656 to 663
-33	-54	-14	3	-20	4	1	22	cell = 664 to 671
-28	18	-32	-3	-43	3	-32	-1	cell = 672 to 679
-20	2	-24	-29	-34	23	-28	22	cell = 680 to 687
-18	-44	-20	28	-42	2	-46	-17	cell = 688 to 695
10	3	-39	1	-17	-2	-21	34	cell = 696 to 703
-21	-19	-12	17	7	-2	-40	12	cell = 704 to 711
10	-23	-56	6	-38	-2	6	-12	cell = 712 to 719
-4	-35	3	0	-41	1	-25	0	cell = 720 to 727
-10	-1	17	-10	-4	18	-25	15	cell = 728 to 735
2	-12	-38	-21	-9	-8	-56	10	cell = 736 to 743
-22	20	-27	-10	-3	-20	-20	-33	cell = 744 to 751
-28	-21	-32	-4	9	0	1	-28	cell = 752 to 759
-7	-16	-46	22	-46	-18	-14	-5	cell = 760 to 767
-6	-34	-40	-20	-6	-12	-21	-18	cell = 768 to 775
-39	-13	-2	-11	-44	-49	-6	-39	cell = 776 to 783
5	-11	-29	-15	-2	8	-9	-8	cell = 784 to 791
19	-42	6	17	-15	-35	-19	-17	cell = 792 to 799
8	-19	3	1	-11	-20	-24	-13	cell = 800 to 807
-27	-36	-31	-28	-14	11	-24	-20	cell = 808 to 815
-3	7	-5	10	-7	-64	-1	1	cell = 816 to 823
-29	-23	-60	-17	-25	9	26	9	cell = 824 to 831
12	-17	14	-38	-18	11	-21	-2	cell = 832 to 839
-35	-17	-31	-29	-30	-27	30	10	cell = 840 to 847
-35	-6	-20	-41	-50	-25	-37	-21	cell = 848 to 855
-16	0	-18	-20	-7	-9	-23	-31	cell = 856 to 863
-7	-13	-47	-15	-49	-2	-18	-30	cell = 864 to 871
-27	-25	-20	-57	-72	23	-11	-36	cell = 872 to 879
5	-17	-7	-9	-26	-24	-27	-21	cell = 880 to 887
15	-53	-9	-42	-22	-13	-14	-23	cell = 888 to 895
-8	-19	25	-20	-3	-3	7	-36	cell = 896 to 903
-32	-53	-30	0	-34	-3	-33	-21	cell = 904 to 911
-54	-25	-37	-29	35	-5	0	-26	cell = 912 to 919
-12	18	-13	-15	-17	1	-56	19	cell = 920 to 927
-21	-42	-9	-14	-22	-37	-23	3	cell = 928 to 935
8	-6	-53	0	-9	-18	-41	-22	cell = 936 to 943
20	4	-36	-51	-48	1	-33	-12	cell = 944 to 951
-44	-30	29	-2	-52	-45	9	-7	cell = 952 to 959
3	-23	9	-35	20	-25	-17	11	cell = 960 to 967
-44	-17	9	-8	-75	-13	-28	-37	cell = 968 to 975
-20	-36	-16	4	-47	-12	-21	3	cell = 976 to 983
-9	-24	-20	0	-24	-32	-42	19	cell = 984 to 991
9	-4	-32	-18	17	-37	-21	-8	cell = 992 to 999
19	-24	-14	25	-17	-20	-30	-72	cell = 1000 to 1007
-57	-14	-36	-5	-15	-26	-40	-29	cell = 1008 to 1015
-72	-17	7	20	-45	-14	-36	-33	cell = 1016 to 1023
