Calibration values from cell 0 to 1024 for channel 0:

66	-29	8	-36	61	-17	46	-1	cell = 0 to 7
53	-2	51	2	24	-46	60	-5	cell = 8 to 15
40	-30	26	20	59	-4	61	-11	cell = 16 to 23
28	-23	50	4	56	16	48	-46	cell = 24 to 31
64	-15	49	-22	81	-4	51	-49	cell = 32 to 39
31	-30	51	-25	60	-46	38	13	cell = 40 to 47
39	-25	71	38	63	-5	28	6	cell = 48 to 55
29	-53	37	-43	68	-59	28	-5	cell = 56 to 63
41	-6	69	-38	46	-17	52	14	cell = 64 to 71
79	-9	27	-25	30	8	47	14	cell = 72 to 79
50	-16	41	22	44	-39	15	-4	cell = 80 to 87
61	-11	54	-24	49	-14	29	27	cell = 88 to 95
14	18	22	-30	12	-31	21	23	cell = 96 to 103
52	-14	55	-30	57	10	41	-20	cell = 104 to 111
41	-30	30	33	63	-24	18	-9	cell = 112 to 119
59	-9	48	-10	22	-2	21	-15	cell = 120 to 127
5	0	58	-1	14	-7	50	-12	cell = 128 to 135
20	-23	51	7	35	-36	32	-28	cell = 136 to 143
54	26	62	18	28	-13	23	0	cell = 144 to 151
37	-15	14	-4	54	-63	48	-5	cell = 152 to 159
-4	-7	61	3	23	-4	61	12	cell = 160 to 167
57	-8	68	-14	78	-5	53	-16	cell = 168 to 175
59	15	80	8	72	24	35	-23	cell = 176 to 183
35	-30	44	-43	12	2	-1	-21	cell = 184 to 191
24	-1	66	29	56	-32	24	-22	cell = 192 to 199
89	-15	23	-5	60	-13	58	-12	cell = 200 to 207
72	2	62	-13	51	-59	55	36	cell = 208 to 215
78	-15	74	-11	41	-39	22	-15	cell = 216 to 223
24	-20	59	-14	47	-3	15	8	cell = 224 to 231
68	-15	25	-38	48	-34	53	6	cell = 232 to 239
82	0	43	6	92	-9	23	0	cell = 240 to 247
25	-13	24	-7	35	-25	45	-36	cell = 248 to 255
55	-18	37	-11	20	-29	57	-18	cell = 256 to 263
59	-12	72	9	76	0	6	0	cell = 264 to 271
52	-30	50	-2	43	26	50	-1	cell = 272 to 279
17	37	24	-39	29	-1	55	-13	cell = 280 to 287
61	-31	47	-8	56	-45	-10	16	cell = 288 to 295
-4	-21	9	-45	71	12	42	-10	cell = 296 to 303
38	10	32	29	21	-21	49	-16	cell = 304 to 311
8	-31	19	22	74	-2	58	26	cell = 312 to 319
49	-54	33	-5	89	-15	59	7	cell = 320 to 327
47	-49	37	-31	70	19	79	21	cell = 328 to 335
38	-19	51	15	28	-12	54	-23	cell = 336 to 343
30	-24	28	2	84	-4	46	-19	cell = 344 to 351
61	-28	18	-30	56	15	76	-40	cell = 352 to 359
44	-12	28	-28	45	3	68	-32	cell = 360 to 367
72	-1	11	-7	50	10	50	-35	cell = 368 to 375
39	11	37	-22	11	9	59	-36	cell = 376 to 383
47	-25	79	15	-9	22	53	-14	cell = 384 to 391
86	-7	24	12	21	-4	53	19	cell = 392 to 399
21	-15	25	-24	50	0	33	-58	cell = 400 to 407
38	-6	2	-9	57	1	56	36	cell = 408 to 415
38	13	0	29	38	-10	61	-22	cell = 416 to 423
68	-20	20	15	52	-7	29	-6	cell = 424 to 431
60	11	53	-4	32	-10	38	-29	cell = 432 to 439
88	1	17	-8	22	-40	32	20	cell = 440 to 447
48	3	42	-9	53	-21	4	-4	cell = 448 to 455
54	12	80	0	41	-12	22	-6	cell = 456 to 463
68	3	-5	-3	34	-42	28	-11	cell = 464 to 471
35	-4	66	24	72	28	5	-10	cell = 472 to 479
53	-6	15	4	34	7	45	-4	cell = 480 to 487
13	-14	51	12	45	-46	65	33	cell = 488 to 495
44	-6	-26	-91	27	-97	12	-75	cell = 496 to 503
20	18	1	-29	15	-19	19	-8	cell = 504 to 511
-15	4	23	-18	11	27	7	7	cell = 512 to 519
-40	10	-42	-27	0	-44	0	-17	cell = 520 to 527
12	21	-28	-25	-61	-2	-51	3	cell = 528 to 535
0	20	-21	-71	-53	-17	11	-10	cell = 536 to 543
-44	-39	11	-27	-7	24	-26	-27	cell = 544 to 551
2	-22	-14	-48	-54	-56	-47	-31	cell = 552 to 559
-34	5	-10	-9	-15	-27	10	-29	cell = 560 to 567
-36	30	-2	-40	-58	2	-28	-14	cell = 568 to 575
-18	-9	-2	-21	-31	2	-13	-6	cell = 576 to 583
10	-26	-47	-34	-68	-3	10	-32	cell = 584 to 591
-45	-31	-22	-10	-51	12	-4	-63	cell = 592 to 599
-16	-45	-23	9	-40	-61	-55	-47	cell = 600 to 607
-30	-32	-23	-2	7	-43	-37	-16	cell = 608 to 615
-32	-19	-29	3	-2	-3	-3	11	cell = 616 to 623
-7	6	-39	-15	-48	-47	-33	-17	cell = 624 to 631
-42	-55	21	-59	-31	13	1	-29	cell = 632 to 639
9	-7	-21	-9	-22	-60	-9	-32	cell = 640 to 647
-10	-18	-70	-10	-17	-38	3	7	cell = 648 to 655
-8	-38	-8	-3	-7	-5	2	-17	cell = 656 to 663
-16	19	-33	-24	-40	5	-19	-2	cell = 664 to 671
-20	15	-39	-22	-35	-9	-26	-7	cell = 672 to 679
-4	-22	-23	-14	-50	-28	-21	6	cell = 680 to 687
-18	4	6	-14	-33	-12	-27	-39	cell = 688 to 695
-8	-67	-22	-13	-20	-32	8	16	cell = 696 to 703
18	39	-48	9	5	-30	-15	9	cell = 704 to 711
23	1	-41	-6	-34	-21	-56	-33	cell = 712 to 719
-30	-36	13	-22	-1	-25	-26	-66	cell = 720 to 727
-17	-12	-42	0	-26	-20	16	0	cell = 728 to 735
-44	4	-56	-10	-38	-27	-6	-32	cell = 736 to 743
-77	-26	-2	-31	-30	-53	11	-31	cell = 744 to 751
-29	6	-16	-19	-29	-5	45	-13	cell = 752 to 759
-14	-45	-58	-37	-33	-27	-36	-2	cell = 760 to 767
-18	-24	1	-7	-35	-18	-18	-15	cell = 768 to 775
23	-10	-54	-16	-39	12	-52	-7	cell = 776 to 783
-7	-21	4	-37	-12	-41	-33	-23	cell = 784 to 791
-18	-30	-25	6	-17	31	7	-36	cell = 792 to 799
-29	-41	-20	7	1	5	2	5	cell = 800 to 807
-43	-23	-1	-24	-37	-20	2	-27	cell = 808 to 815
-51	0	25	-44	3	-6	-58	-6	cell = 816 to 823
7	-32	9	-34	-52	-29	-31	27	cell = 824 to 831
-27	-7	-44	-38	6	29	-8	-43	cell = 832 to 839
-14	4	-11	-13	-12	2	-37	-28	cell = 840 to 847
-12	0	-5	-48	-26	-4	-28	0	cell = 848 to 855
0	-17	-37	-8	21	8	-51	-1	cell = 856 to 863
-34	-30	12	9	-28	2	-21	23	cell = 864 to 871
-3	6	-4	-12	-24	18	10	-5	cell = 872 to 879
-2	6	25	-21	-4	-23	-30	-33	cell = 880 to 887
-7	-28	-20	15	17	19	-30	-39	cell = 888 to 895
-28	-2	8	-9	7	-15	-1	48	cell = 896 to 903
-13	-36	-3	-11	-26	-8	18	23	cell = 904 to 911
-36	-26	18	-14	-25	35	-8	-7	cell = 912 to 919
-6	7	-45	15	21	1	-31	-39	cell = 920 to 927
-7	0	-29	-25	-10	-26	-32	-62	cell = 928 to 935
-9	9	-29	5	-15	-41	-29	-24	cell = 936 to 943
-41	-26	-4	1	-33	-68	5	-20	cell = 944 to 951
6	-8	-10	-23	-52	-14	-22	-51	cell = 952 to 959
-31	-4	-10	-8	-42	5	-14	-39	cell = 960 to 967
-2	32	-34	-31	-1	-28	21	16	cell = 968 to 975
-10	16	15	7	11	-16	28	-17	cell = 976 to 983
-26	-35	-11	-34	21	-26	-13	-11	cell = 984 to 991
-55	-25	-36	7	5	-3	-46	-25	cell = 992 to 999
-26	-14	-35	3	-9	-9	-21	-28	cell = 1000 to 1007
-19	6	13	-17	-6	-47	-5	-45	cell = 1008 to 1015
-23	5	5	-12	-42	-17	-38	-37	cell = 1016 to 1023
Calibration values from cell 0 to 1024 for channel 1:

46	-40	23	3	48	-16	-9	16	cell = 0 to 7
32	-19	36	-18	86	-26	80	-32	cell = 8 to 15
109	-17	75	5	56	-18	24	-21	cell = 16 to 23
35	14	25	-6	71	-27	49	-24	cell = 24 to 31
35	11	48	-29	42	-49	52	1	cell = 32 to 39
49	-33	48	32	21	-28	27	-19	cell = 40 to 47
42	-51	81	-23	50	12	53	-13	cell = 48 to 55
56	7	-2	-48	35	11	17	-6	cell = 56 to 63
20	-4	37	-5	38	-21	34	12	cell = 64 to 71
30	-2	33	-17	69	-30	41	-20	cell = 72 to 79
37	-11	55	3	16	8	6	-33	cell = 80 to 87
63	-28	54	9	38	13	2	-31	cell = 88 to 95
61	-17	28	-21	11	-46	7	2	cell = 96 to 103
40	16	86	-3	45	-13	49	0	cell = 104 to 111
17	26	30	-13	102	-52	5	30	cell = 112 to 119
50	-14	56	-40	34	-29	63	-7	cell = 120 to 127
35	5	19	8	65	-4	73	-20	cell = 128 to 135
6	-29	-2	7	64	-3	32	15	cell = 136 to 143
62	9	45	-23	14	-19	33	-18	cell = 144 to 151
63	-24	9	4	75	-7	63	-12	cell = 152 to 159
53	-21	68	-13	42	-25	46	-25	cell = 160 to 167
55	-25	20	-2	49	27	78	8	cell = 168 to 175
30	-18	74	23	89	28	36	-17	cell = 176 to 183
39	-5	14	15	56	-32	21	14	cell = 184 to 191
95	-43	15	-7	81	16	50	-16	cell = 192 to 199
15	-9	46	-14	24	-23	46	24	cell = 200 to 207
41	13	41	-16	80	-29	32	-6	cell = 208 to 215
39	0	17	-9	15	-23	29	-29	cell = 216 to 223
91	2	69	-18	69	11	17	-30	cell = 224 to 231
61	0	13	-7	59	3	68	-46	cell = 232 to 239
75	-58	36	-9	54	5	49	-31	cell = 240 to 247
50	-10	40	6	65	-28	29	-29	cell = 248 to 255
93	-4	24	-6	60	-1	50	8	cell = 256 to 263
54	-9	41	3	88	-23	34	-12	cell = 264 to 271
72	-21	92	-25	67	13	34	19	cell = 272 to 279
73	0	42	14	70	-20	50	-25	cell = 280 to 287
24	-18	63	-11	56	-33	65	0	cell = 288 to 295
48	-7	40	-43	75	-7	34	26	cell = 296 to 303
76	-11	44	-12	42	0	51	-59	cell = 304 to 311
70	-24	42	25	48	36	16	28	cell = 312 to 319
59	-27	13	-25	46	1	47	-9	cell = 320 to 327
11	-52	43	-42	33	-3	28	24	cell = 328 to 335
24	-59	54	34	40	-22	52	2	cell = 336 to 343
-3	-2	56	3	46	-4	17	-13	cell = 344 to 351
60	-20	23	-4	55	-32	-1	-21	cell = 352 to 359
14	-29	40	4	16	21	25	-16	cell = 360 to 367
52	-8	35	-16	33	-13	33	-15	cell = 368 to 375
10	-12	47	-6	24	-31	65	-29	cell = 376 to 383
12	2	51	19	-4	-2	65	-20	cell = 384 to 391
36	-17	43	0	70	1	48	5	cell = 392 to 399
37	-28	36	1	37	19	18	-23	cell = 400 to 407
14	-20	47	0	71	-26	34	20	cell = 408 to 415
69	33	54	1	60	-37	57	-39	cell = 416 to 423
37	-29	54	-28	38	-21	46	-17	cell = 424 to 431
35	-4	75	26	84	-7	67	13	cell = 432 to 439
27	-44	18	-18	59	-16	-3	-16	cell = 440 to 447
64	-44	83	-3	56	-43	52	7	cell = 448 to 455
31	-11	26	13	30	-21	22	19	cell = 456 to 463
52	0	35	-13	85	-26	27	-20	cell = 464 to 471
77	-18	30	-2	38	-6	77	5	cell = 472 to 479
47	-11	72	-9	68	-34	35	-1	cell = 480 to 487
27	-1	49	-1	40	1	34	-33	cell = 488 to 495
35	-20	-3	-79	-17	-115	-31	-105	cell = 496 to 503
54	-28	96	7	83	-25	68	11	cell = 504 to 511
-14	-14	-21	-37	-53	-43	-28	-35	cell = 512 to 519
-17	-12	-15	-32	10	-45	-43	3	cell = 520 to 527
-33	-36	-23	10	-14	-48	0	17	cell = 528 to 535
-11	7	-14	-39	-17	14	3	19	cell = 536 to 543
-19	-53	-17	-26	-31	19	0	-22	cell = 544 to 551
4	-10	-4	9	-1	3	9	-7	cell = 552 to 559
-34	-36	16	-21	-40	-18	-6	3	cell = 560 to 567
-22	-2	-24	-41	-6	-7	-41	-21	cell = 568 to 575
-68	-9	-1	-2	-34	-10	-31	-20	cell = 576 to 583
-68	-37	-8	-53	-15	15	13	-23	cell = 584 to 591
-47	10	-34	11	-17	24	-15	3	cell = 592 to 599
-45	-40	-30	-12	7	-52	-24	4	cell = 600 to 607
-34	-24	-2	-35	-56	-21	6	4	cell = 608 to 615
-31	1	-22	-22	0	-28	-17	-35	cell = 616 to 623
-37	8	-19	-24	23	-8	-18	-2	cell = 624 to 631
-29	-7	-3	-15	-34	-10	-13	-7	cell = 632 to 639
-13	0	24	-22	36	-42	-48	-49	cell = 640 to 647
8	-5	6	-51	-12	-38	-13	-31	cell = 648 to 655
-23	-22	-22	-29	-44	-25	-5	6	cell = 656 to 663
-10	-2	41	0	-8	-39	-58	-65	cell = 664 to 671
-29	-31	-28	-31	-24	-35	-2	2	cell = 672 to 679
-37	-57	-24	16	-52	-31	-35	12	cell = 680 to 687
-33	-25	11	-43	-17	17	-18	-42	cell = 688 to 695
-24	-21	-17	25	-51	-12	-48	17	cell = 696 to 703
19	-15	-37	-6	-17	-16	-9	-35	cell = 704 to 711
-51	-6	19	-47	-5	-13	-20	-39	cell = 712 to 719
23	-28	-30	3	-10	14	-2	4	cell = 720 to 727
-9	1	-40	10	-23	-21	-22	-24	cell = 728 to 735
-51	-15	-27	-12	-20	-22	-21	24	cell = 736 to 743
-15	2	-28	25	-23	0	-34	-25	cell = 744 to 751
3	-40	-22	-26	-1	4	-35	-64	cell = 752 to 759
-43	-25	-7	-89	-49	-25	-40	-24	cell = 760 to 767
-35	-7	-5	3	-45	29	28	-70	cell = 768 to 775
-28	-41	-21	0	-45	-14	-36	-12	cell = 776 to 783
-24	-28	-32	-44	-39	-25	-8	-1	cell = 784 to 791
11	-22	-37	-27	-2	-7	-9	-27	cell = 792 to 799
0	-38	10	-4	-32	-9	-7	-15	cell = 800 to 807
-41	4	-39	-21	-7	24	-1	-38	cell = 808 to 815
-74	-26	-35	-3	-35	9	-40	36	cell = 816 to 823
0	11	-14	-32	-2	0	-9	13	cell = 824 to 831
-27	0	-13	-8	-14	-27	-3	-22	cell = 832 to 839
16	-14	7	-16	-12	0	2	-20	cell = 840 to 847
-13	-27	-10	13	-19	-3	4	-49	cell = 848 to 855
-32	-15	-32	-7	-30	2	-25	-36	cell = 856 to 863
-31	-7	-3	-29	-39	-12	-19	-19	cell = 864 to 871
-8	-31	9	6	-51	-34	2	-26	cell = 872 to 879
-14	10	8	-12	-31	-2	3	-5	cell = 880 to 887
-44	-13	-12	-25	-40	-3	-27	0	cell = 888 to 895
-42	-13	-25	-38	-16	-30	-35	-51	cell = 896 to 903
-10	-33	27	19	-18	8	36	-59	cell = 904 to 911
-15	12	-18	-12	-40	-7	-46	-5	cell = 912 to 919
14	29	9	-44	23	-39	10	-21	cell = 920 to 927
-18	-1	56	-3	-41	-43	-40	-9	cell = 928 to 935
-29	-10	-29	-23	-18	-14	-15	-38	cell = 936 to 943
-13	-36	-20	-31	-10	-7	-8	-50	cell = 944 to 951
-16	12	11	-9	19	-6	-11	-11	cell = 952 to 959
17	7	-3	25	-7	-7	-73	-36	cell = 960 to 967
-13	-4	-19	-14	4	2	-25	-1	cell = 968 to 975
-29	-44	8	10	13	-11	-6	-5	cell = 976 to 983
-26	-30	-47	-12	-42	-56	-21	-8	cell = 984 to 991
-30	-4	0	-29	0	26	-22	-7	cell = 992 to 999
-50	-41	-23	-16	-14	-12	-3	-13	cell = 1000 to 1007
-41	35	-5	-13	-37	-23	-34	15	cell = 1008 to 1015
-22	4	-49	-8	-45	-18	-3	-35	cell = 1016 to 1023
Calibration values from cell 0 to 1024 for channel 2:

19	-44	25	-7	38	-27	28	-48	cell = 0 to 7
46	-43	50	-2	84	-19	62	-8	cell = 8 to 15
66	-23	45	8	35	1	22	-5	cell = 16 to 23
43	2	55	0	21	-19	15	14	cell = 24 to 31
75	13	43	-22	42	-20	66	-18	cell = 32 to 39
52	-17	67	-8	23	-20	31	21	cell = 40 to 47
51	-23	27	-10	60	11	7	-14	cell = 48 to 55
25	-22	20	-3	9	-6	88	7	cell = 56 to 63
64	4	60	-13	50	-49	79	0	cell = 64 to 71
32	-12	57	9	26	15	54	-6	cell = 72 to 79
18	6	12	18	50	-3	22	-39	cell = 80 to 87
34	-26	17	-30	54	-13	8	-15	cell = 88 to 95
46	30	69	-9	34	35	77	-7	cell = 96 to 103
68	-15	23	-32	42	-45	47	20	cell = 104 to 111
53	-2	58	-9	49	19	49	14	cell = 112 to 119
53	36	-7	-29	65	-8	52	-6	cell = 120 to 127
38	13	38	-33	26	-3	43	-5	cell = 128 to 135
49	16	57	2	76	-10	36	27	cell = 136 to 143
62	-11	28	-32	81	-24	27	-17	cell = 144 to 151
35	-25	12	18	39	-20	29	-10	cell = 152 to 159
61	-40	51	-4	38	4	48	-3	cell = 160 to 167
63	-44	49	25	40	-25	66	-32	cell = 168 to 175
24	-24	69	14	45	-5	36	-32	cell = 176 to 183
47	-38	23	-16	28	-16	20	-36	cell = 184 to 191
94	-16	35	-18	37	-12	18	-39	cell = 192 to 199
77	5	40	-3	47	-16	18	-20	cell = 200 to 207
38	7	41	-23	53	-21	40	9	cell = 208 to 215
57	-30	42	21	52	-49	48	-7	cell = 216 to 223
73	10	13	-13	39	-6	30	-12	cell = 224 to 231
18	40	7	15	86	4	34	-24	cell = 232 to 239
83	-26	75	-11	48	47	27	-23	cell = 240 to 247
29	17	43	-15	59	-22	47	-43	cell = 248 to 255
19	-16	21	-2	8	6	5	-79	cell = 256 to 263
84	-38	17	-15	22	7	30	10	cell = 264 to 271
75	5	27	-12	20	7	13	0	cell = 272 to 279
62	12	30	11	10	-4	47	-22	cell = 280 to 287
55	-5	-13	-12	44	-4	57	-23	cell = 288 to 295
43	14	32	-26	77	36	59	-22	cell = 296 to 303
26	-17	41	-30	23	-46	48	-21	cell = 304 to 311
24	-35	1	-4	16	-24	10	5	cell = 312 to 319
40	9	60	-21	36	-23	32	7	cell = 320 to 327
44	-12	35	30	53	-36	49	-21	cell = 328 to 335
60	48	0	7	45	9	47	-22	cell = 336 to 343
32	-20	19	26	46	-25	73	2	cell = 344 to 351
58	-10	44	-10	10	3	36	-16	cell = 352 to 359
50	-13	50	-16	16	1	84	24	cell = 360 to 367
-10	-14	18	-29	54	-30	40	5	cell = 368 to 375
17	-48	32	18	26	-15	64	-8	cell = 376 to 383
84	-10	32	-10	44	-18	40	-42	cell = 384 to 391
83	-37	29	9	48	16	20	-18	cell = 392 to 399
30	-38	59	6	46	29	34	13	cell = 400 to 407
56	-51	53	7	99	-2	55	1	cell = 408 to 415
14	25	56	-10	44	-14	34	-24	cell = 416 to 423
8	1	37	18	6	25	39	-8	cell = 424 to 431
20	-11	47	-14	51	-24	26	-25	cell = 432 to 439
36	-28	27	14	53	-51	46	-44	cell = 440 to 447
70	2	45	-18	63	-9	24	-27	cell = 448 to 455
47	-15	49	15	49	1	28	-12	cell = 456 to 463
51	-4	52	-44	12	28	59	-20	cell = 464 to 471
47	5	91	0	51	23	36	-22	cell = 472 to 479
49	-24	19	-6	47	3	36	-5	cell = 480 to 487
2	-23	62	4	61	8	40	0	cell = 488 to 495
38	-12	-17	-77	-42	-59	-37	-54	cell = 496 to 503
48	-39	41	-22	85	-36	37	-5	cell = 504 to 511
-47	-26	-2	-11	-41	-26	37	-17	cell = 512 to 519
-22	-34	-10	4	6	-13	-21	-41	cell = 520 to 527
3	-40	-15	-34	-10	-17	1	7	cell = 528 to 535
-32	-2	-26	-21	1	-29	25	10	cell = 536 to 543
-24	-49	-4	-7	-27	-44	-24	-22	cell = 544 to 551
-57	-45	-35	-46	-29	27	-13	-12	cell = 552 to 559
-32	-22	-17	2	2	-6	0	-32	cell = 560 to 567
-14	-11	-51	-23	-50	0	13	-20	cell = 568 to 575
-9	-15	-22	-20	-22	-28	-13	-4	cell = 576 to 583
-60	28	7	-7	12	-17	-34	24	cell = 584 to 591
-15	8	-46	-8	-30	-3	-47	-38	cell = 592 to 599
-17	-4	-31	-36	-8	7	-20	-20	cell = 600 to 607
4	-3	-63	2	-5	-14	-33	-19	cell = 608 to 615
-19	-20	17	1	2	7	-43	-34	cell = 616 to 623
28	-3	-8	-20	-29	13	10	-35	cell = 624 to 631
-31	10	-45	-24	6	-12	-11	-26	cell = 632 to 639
-17	-30	15	-7	-38	-35	-4	-22	cell = 640 to 647
4	-19	-43	-19	-16	-14	-20	-4	cell = 648 to 655
-17	17	-33	-24	-16	-36	0	-52	cell = 656 to 663
-16	19	-11	-47	4	-9	-52	-16	cell = 664 to 671
8	-16	-20	-22	-28	-21	8	-16	cell = 672 to 679
2	-49	0	-14	-54	-4	-13	-28	cell = 680 to 687
5	-41	4	-38	-24	-14	-19	-25	cell = 688 to 695
2	4	-30	-43	-4	-36	7	-4	cell = 696 to 703
-4	43	17	32	18	3	14	21	cell = 704 to 711
-30	-42	-34	-40	-43	10	-29	-6	cell = 712 to 719
-24	-43	-18	-8	-32	3	-15	17	cell = 720 to 727
-29	-27	-16	-19	6	-20	-13	-12	cell = 728 to 735
-47	20	-21	12	-22	-12	-34	-12	cell = 736 to 743
-9	-19	3	-31	-15	-53	16	-33	cell = 744 to 751
-6	-3	8	-9	-6	-30	-12	37	cell = 752 to 759
-33	10	6	-22	-7	-19	-44	-25	cell = 760 to 767
-27	-47	-6	-10	-7	-17	-25	2	cell = 768 to 775
-37	-19	-8	18	-12	-10	-25	-48	cell = 776 to 783
-23	-18	-3	2	-15	-3	-12	-14	cell = 784 to 791
-23	-33	28	-26	-28	-25	-48	-63	cell = 792 to 799
-15	17	-3	-22	-29	-2	-18	-25	cell = 800 to 807
-36	26	-7	-15	-26	17	-28	-32	cell = 808 to 815
-20	-9	7	0	-35	-12	22	-40	cell = 816 to 823
-23	-13	-4	1	-34	-28	31	-32	cell = 824 to 831
-14	-10	-20	-3	8	1	-30	0	cell = 832 to 839
-33	-25	-6	-41	-35	-2	-24	-19	cell = 840 to 847
-15	5	-30	-22	-39	15	-57	-34	cell = 848 to 855
-59	-1	-29	7	-43	-41	-32	-23	cell = 856 to 863
-38	3	-27	-48	13	1	-2	-14	cell = 864 to 871
-24	-4	-13	-24	-76	-51	-25	-27	cell = 872 to 879
-33	-46	32	-7	-39	-20	-48	39	cell = 880 to 887
-39	-6	-12	-56	-55	-2	-14	-47	cell = 888 to 895
-18	10	-12	8	-39	-45	-10	-11	cell = 896 to 903
-49	11	-12	-3	-26	-4	-11	-55	cell = 904 to 911
-4	2	-18	-38	25	-16	40	-8	cell = 912 to 919
-38	-50	3	-71	-63	-26	-42	4	cell = 920 to 927
-14	4	-17	-23	-31	-19	-21	-4	cell = 928 to 935
-41	2	15	-44	-23	-23	6	-22	cell = 936 to 943
-2	29	-14	-19	-7	-13	-36	-14	cell = 944 to 951
-34	2	-19	8	-64	-8	-41	-4	cell = 952 to 959
0	-2	-34	-4	-10	9	-2	12	cell = 960 to 967
12	-2	-10	53	12	5	-1	-20	cell = 968 to 975
-43	12	7	-14	-13	-19	-39	-15	cell = 976 to 983
32	-6	-13	-35	-23	-39	4	28	cell = 984 to 991
1	7	19	-27	-44	-9	7	-3	cell = 992 to 999
3	8	-66	-24	-27	-33	22	-38	cell = 1000 to 1007
-24	-34	-9	-18	-56	-35	-15	-5	cell = 1008 to 1015
-25	-74	-13	1	-9	-12	-9	-24	cell = 1016 to 1023
Calibration values from cell 0 to 1024 for channel 3:

51	-8	37	8	60	-22	26	4	cell = 0 to 7
70	-41	83	-39	34	-15	26	22	cell = 8 to 15
56	-47	31	-24	78	-3	27	1	cell = 16 to 23
40	2	26	-22	27	-53	55	5	cell = 24 to 31
50	-14	59	17	71	21	43	-9	cell = 32 to 39
6	1	38	6	22	-4	42	19	cell = 40 to 47
45	33	28	-7	6	-3	43	0	cell = 48 to 55
23	-38	39	-22	36	11	53	-9	cell = 56 to 63
57	13	33	34	45	-8	3	-38	cell = 64 to 71
48	10	36	-4	20	-44	67	45	cell = 72 to 79
44	-45	77	-23	68	-5	42	9	cell = 80 to 87
50	-19	38	-17	32	14	45	27	cell = 88 to 95
1	0	69	-2	74	-33	51	-12	cell = 96 to 103
60	-10	16	7	79	28	0	-21	cell = 104 to 111
60	1	64	2	31	-14	44	22	cell = 112 to 119
52	-6	33	-39	44	-15	45	5	cell = 120 to 127
57	-7	13	-13	58	-12	32	6	cell = 128 to 135
32	-26	37	-34	38	-15	58	-23	cell = 136 to 143
11	28	24	-20	33	-46	10	-38	cell = 144 to 151
72	13	51	-2	54	-47	9	16	cell = 152 to 159
48	-21	46	-5	47	-14	15	5	cell = 160 to 167
31	-4	42	-40	54	-2	96	-10	cell = 168 to 175
47	-6	47	-9	56	-19	-4	-9	cell = 176 to 183
76	-12	45	-6	19	-25	49	-16	cell = 184 to 191
70	1	40	1	84	-57	14	42	cell = 192 to 199
45	8	82	10	60	-28	22	-14	cell = 200 to 207
104	0	43	-6	24	7	25	-13	cell = 208 to 215
50	19	1	22	40	24	56	-3	cell = 216 to 223
39	2	74	9	15	7	54	19	cell = 224 to 231
46	-37	43	-13	51	-10	36	38	cell = 232 to 239
1	-18	73	-17	33	0	52	8	cell = 240 to 247
33	0	23	-9	51	-10	10	0	cell = 248 to 255
22	20	21	18	19	-15	35	17	cell = 256 to 263
14	-19	54	-34	45	-26	49	37	cell = 264 to 271
21	24	35	-22	51	-3	55	-16	cell = 272 to 279
51	25	35	4	59	-25	39	-9	cell = 280 to 287
57	2	56	11	63	-15	20	20	cell = 288 to 295
41	-3	37	-11	75	-21	55	-15	cell = 296 to 303
42	-2	41	0	28	-19	59	-5	cell = 304 to 311
14	-42	74	-35	8	0	54	43	cell = 312 to 319
47	1	75	6	50	-27	33	-3	cell = 320 to 327
47	-9	23	-45	44	2	63	24	cell = 328 to 335
32	10	16	8	44	14	39	-32	cell = 336 to 343
34	29	55	10	55	-17	29	-8	cell = 344 to 351
40	-2	69	-4	40	2	14	-38	cell = 352 to 359
28	11	34	22	32	-14	-3	26	cell = 360 to 367
29	-29	51	9	98	-19	21	-64	cell = 368 to 375
13	-46	63	-18	31	-34	46	7	cell = 376 to 383
36	10	42	-11	47	-24	16	-23	cell = 384 to 391
34	-36	43	-42	63	-25	44	-44	cell = 392 to 399
34	16	56	34	34	14	56	-21	cell = 400 to 407
27	-5	39	-19	99	-38	50	30	cell = 408 to 415
46	2	6	7	24	-47	50	-23	cell = 416 to 423
30	-12	41	15	29	-36	16	-22	cell = 424 to 431
28	-24	24	-6	93	9	-3	-44	cell = 432 to 439
80	-18	71	1	50	-16	25	14	cell = 440 to 447
49	0	60	-34	19	-17	38	11	cell = 448 to 455
28	14	72	-26	81	-32	71	-43	cell = 456 to 463
81	-22	0	-14	19	-17	41	24	cell = 464 to 471
49	22	44	-23	79	-31	11	-4	cell = 472 to 479
37	1	22	3	7	-30	87	1	cell = 480 to 487
44	-48	9	10	69	-28	67	-17	cell = 488 to 495
30	-4	-21	-100	-12	-93	-45	-84	cell = 496 to 503
2	8	48	-44	36	-23	73	15	cell = 504 to 511
-41	10	17	-9	-53	-39	-14	7	cell = 512 to 519
-36	-14	-22	-26	8	26	-17	-7	cell = 520 to 527
-22	-24	-35	-30	-27	-50	-10	-50	cell = 528 to 535
-13	-39	-6	18	1	6	10	-11	cell = 536 to 543
-23	-6	-19	-28	-35	-9	-30	-34	cell = 544 to 551
-39	4	-38	0	-30	0	-47	-52	cell = 552 to 559
-43	7	-13	-50	-29	-29	-3	-8	cell = 560 to 567
-11	-6	-42	2	-35	-6	8	1	cell = 568 to 575
-17	24	0	-31	-23	-39	-1	-14	cell = 576 to 583
-15	-32	9	-11	-23	-11	-5	4	cell = 584 to 591
-15	-34	-35	-21	-47	3	-25	-42	cell = 592 to 599
-55	-54	-37	0	-2	-28	-7	-25	cell = 600 to 607
-2	-20	-39	-65	-30	-12	22	-39	cell = 608 to 615
-35	13	-28	-10	-30	19	4	-24	cell = 616 to 623
12	-28	8	-13	-50	-24	-10	-25	cell = 624 to 631
-42	-29	9	-34	-7	-43	-41	-32	cell = 632 to 639
-20	16	4	19	-45	67	-14	5	cell = 640 to 647
-34	18	-3	-25	-34	-51	-14	-3	cell = 648 to 655
-36	-28	-20	-26	-9	-17	-7	4	cell = 656 to 663
-30	-17	-24	5	-16	3	5	3	cell = 664 to 671
-17	-13	36	12	-25	-26	-5	-31	cell = 672 to 679
-71	-10	-43	13	-40	-21	-36	-18	cell = 680 to 687
2	-39	-72	-38	-15	1	-24	-1	cell = 688 to 695
-31	-19	-43	-9	-57	-18	15	-39	cell = 696 to 703
-41	30	-28	-45	-24	0	5	-50	cell = 704 to 711
-29	-30	-41	-4	-43	-40	-12	-26	cell = 712 to 719
-10	1	-2	-13	30	-18	16	-11	cell = 720 to 727
3	10	-2	-42	-27	47	22	0	cell = 728 to 735
-16	-6	-11	-35	-11	-41	-56	-7	cell = 736 to 743
-10	3	1	21	-39	1	-45	-3	cell = 744 to 751
-33	5	-31	-20	-26	-19	-21	-57	cell = 752 to 759
-18	-9	-8	-19	-39	-40	-37	-20	cell = 760 to 767
-17	-45	-6	-15	-22	-2	-72	-26	cell = 768 to 775
-13	-26	-49	-27	-26	-31	-63	-9	cell = 776 to 783
1	-28	-54	-18	-16	13	-20	-6	cell = 784 to 791
-15	-34	-22	-29	16	7	-37	7	cell = 792 to 799
-52	-2	-2	-33	-24	-51	-17	-16	cell = 800 to 807
-22	-24	-52	-3	-33	16	-26	-8	cell = 808 to 815
-15	-30	-31	-32	-56	-37	-36	-35	cell = 816 to 823
-55	-9	1	-9	-28	-14	-25	9	cell = 824 to 831
-2	15	0	-30	0	0	-26	1	cell = 832 to 839
-40	-23	3	-55	-10	9	-58	-28	cell = 840 to 847
3	26	0	-41	-4	26	-14	17	cell = 848 to 855
-43	8	-26	-26	3	28	14	-37	cell = 856 to 863
-2	-31	-58	2	-8	-17	-4	-11	cell = 864 to 871
-26	27	-21	-23	-7	-10	-10	0	cell = 872 to 879
-2	15	10	-11	-6	5	-3	-12	cell = 880 to 887
-35	40	1	-21	4	-8	-20	-18	cell = 888 to 895
1	-19	-22	-4	-48	-30	4	-54	cell = 896 to 903
-14	9	3	4	21	-9	12	-62	cell = 904 to 911
2	-28	-17	-11	2	-9	5	-45	cell = 912 to 919
-16	-13	14	-26	-28	-21	-3	19	cell = 920 to 927
-60	-17	-30	-13	-14	-30	4	12	cell = 928 to 935
-19	6	9	-24	-39	-39	-17	-2	cell = 936 to 943
-57	-14	-50	-11	-3	-9	5	-60	cell = 944 to 951
-13	-19	-15	-3	5	35	-22	-38	cell = 952 to 959
-59	-3	11	-14	0	24	-12	-43	cell = 960 to 967
-21	-5	-48	-21	-2	-31	-41	-35	cell = 968 to 975
-54	6	12	-4	-25	-50	-26	19	cell = 976 to 983
-11	-3	-16	-20	9	-29	-40	-1	cell = 984 to 991
-1	6	-8	-21	-35	-5	-18	-6	cell = 992 to 999
-26	-14	-17	-50	-63	7	21	-3	cell = 1000 to 1007
-12	-4	-38	-26	6	-45	-28	20	cell = 1008 to 1015
-40	-28	-10	24	-52	4	3	-41	cell = 1016 to 1023
Calibration values from cell 0 to 1024 for channel 4:

22	-31	37	37	56	10	41	-7	cell = 0 to 7
33	-32	45	-9	37	33	38	6	cell = 8 to 15
39	10	82	4	47	-16	44	-26	cell = 16 to 23
47	27	57	-15	73	-50	57	-30	cell = 24 to 31
49	-11	57	-17	42	-30	40	-20	cell = 32 to 39
60	-36	49	-23	27	8	19	-17	cell = 40 to 47
36	-17	43	-6	10	-17	59	6	cell = 48 to 55
31	-3	55	-32	14	-44	50	6	cell = 56 to 63
41	-26	23	-10	39	-17	34	-16	cell = 64 to 71
52	-38	39	-14	32	-23	38	50	cell = 72 to 79
45	20	40	13	26	-48	35	-4	cell = 80 to 87
66	0	26	-23	87	-39	14	-23	cell = 88 to 95
43	21	36	-13	75	-9	47	-42	cell = 96 to 103
21	17	73	-12	16	7	22	12	cell = 104 to 111
38	10	10	4	57	-22	44	10	cell = 112 to 119
94	-26	49	-15	28	-17	51	14	cell = 120 to 127
50	23	27	14	40	3	51	-51	cell = 128 to 135
70	0	19	17	65	-19	51	-5	cell = 136 to 143
79	0	43	-26	51	-17	46	-23	cell = 144 to 151
17	-16	73	-11	26	10	10	-13	cell = 152 to 159
41	29	43	-7	54	-4	51	-2	cell = 160 to 167
15	-17	14	-15	46	0	15	-8	cell = 168 to 175
5	-12	57	-16	30	-30	19	3	cell = 176 to 183
14	-22	30	6	68	-1	36	-21	cell = 184 to 191
34	-6	18	-17	26	-35	8	1	cell = 192 to 199
22	2	34	-14	51	13	57	19	cell = 200 to 207
27	-46	20	19	58	-7	46	27	cell = 208 to 215
23	-22	45	1	67	7	41	42	cell = 216 to 223
45	12	28	8	27	-32	27	-7	cell = 224 to 231
24	-7	36	-16	57	-7	-11	36	cell = 232 to 239
43	7	7	-24	10	-20	40	-57	cell = 240 to 247
61	-35	57	4	51	-3	38	23	cell = 248 to 255
24	8	40	-18	62	-30	54	23	cell = 256 to 263
42	-6	43	-32	44	-29	57	28	cell = 264 to 271
64	-13	36	2	32	-15	77	-14	cell = 272 to 279
30	-26	38	53	66	-19	29	-10	cell = 280 to 287
29	8	76	15	45	-62	72	2	cell = 288 to 295
48	-15	39	2	39	56	44	5	cell = 296 to 303
50	9	61	20	36	-24	49	-33	cell = 304 to 311
36	14	60	-2	55	0	25	-26	cell = 312 to 319
36	-11	67	-4	56	-23	37	-8	cell = 320 to 327
60	-17	28	13	35	-21	27	-1	cell = 328 to 335
45	-60	61	-26	68	10	58	7	cell = 336 to 343
45	-29	23	-5	84	-15	22	-18	cell = 344 to 351
29	-3	16	16	45	-32	33	-20	cell = 352 to 359
70	-29	24	-13	55	13	55	2	cell = 360 to 367
55	-48	43	-23	46	-17	55	-48	cell = 368 to 375
67	-19	58	50	41	22	8	-7	cell = 376 to 383
34	-1	29	-8	30	0	65	-16	cell = 384 to 391
46	2	36	20	59	52	42	-4	cell = 392 to 399
76	-2	17	11	36	22	33	-19	cell = 400 to 407
43	-22	45	-25	34	-18	28	-7	cell = 408 to 415
83	36	53	-7	56	29	21	-1	cell = 416 to 423
55	-50	23	-24	45	-17	35	-25	cell = 424 to 431
94	-28	38	-9	63	-9	0	-10	cell = 432 to 439
84	9	82	11	34	-25	51	35	cell = 440 to 447
46	6	-11	-22	63	-4	84	-27	cell = 448 to 455
-5	-37	50	20	31	-11	62	-34	cell = 456 to 463
25	6	53	-37	19	-44	49	-2	cell = 464 to 471
54	-5	57	-29	36	-9	-10	-18	cell = 472 to 479
84	-20	30	-12	66	-39	27	-13	cell = 480 to 487
64	3	31	43	18	-9	15	-9	cell = 488 to 495
64	3	-6	-52	-27	-106	-16	-70	cell = 496 to 503
40	5	43	-4	24	-2	26	-59	cell = 504 to 511
-51	-1	-2	-6	7	-13	-19	-51	cell = 512 to 519
-10	-26	-5	-48	-11	-38	23	-55	cell = 520 to 527
-43	-26	-15	-3	2	19	1	-38	cell = 528 to 535
-26	-18	9	-40	-7	-17	-11	-35	cell = 536 to 543
13	-4	-38	-21	-39	-38	-55	-4	cell = 544 to 551
7	-10	8	-17	-41	-12	0	-22	cell = 552 to 559
-17	10	-14	-51	-61	-27	-33	-64	cell = 560 to 567
-30	-26	-20	-20	-47	11	-36	-1	cell = 568 to 575
-8	17	-21	-3	-38	-3	-27	-21	cell = 576 to 583
-40	5	23	-1	-51	-33	-44	-12	cell = 584 to 591
-13	-34	4	-21	-19	32	-25	14	cell = 592 to 599
-37	22	-48	-21	-16	-28	8	-16	cell = 600 to 607
2	-20	-10	14	-39	-40	-9	-6	cell = 608 to 615
-9	-13	-15	-6	-31	-32	17	-18	cell = 616 to 623
-23	-43	-28	27	-12	11	-42	-11	cell = 624 to 631
-24	-14	-10	-12	-22	6	-27	18	cell = 632 to 639
-60	-19	-8	-12	-10	-1	-22	-22	cell = 640 to 647
-53	-57	16	-38	8	-6	-1	4	cell = 648 to 655
15	-49	-6	-50	-19	-6	-16	-34	cell = 656 to 663
-27	0	26	-10	-2	-12	-2	-60	cell = 664 to 671
-41	-40	36	-6	0	9	-25	-37	cell = 672 to 679
-17	6	40	-58	3	-50	-2	-5	cell = 680 to 687
-15	-9	-13	-33	-31	-3	1	-25	cell = 688 to 695
-29	17	-5	-38	-42	5	-7	-4	cell = 696 to 703
-41	6	-29	-25	3	-11	22	-32	cell = 704 to 711
-28	22	-32	-23	-7	-16	-17	-36	cell = 712 to 719
-2	-18	-19	-25	9	-21	14	-1	cell = 720 to 727
-11	-9	-34	0	-37	-42	-21	-6	cell = 728 to 735
-37	11	-20	-20	-37	11	-38	-48	cell = 736 to 743
-69	24	-10	-19	0	-20	-6	-24	cell = 744 to 751
0	15	40	-25	-23	-31	30	33	cell = 752 to 759
-49	-3	-7	-25	-43	-18	-10	2	cell = 760 to 767
-30	-35	16	-3	-19	14	-30	-28	cell = 768 to 775
-6	-24	13	-26	-41	-15	1	-56	cell = 776 to 783
-11	12	-21	6	-34	-35	-43	-14	cell = 784 to 791
-13	26	17	5	-5	-26	1	-21	cell = 792 to 799
18	-1	20	-21	-25	28	-4	-39	cell = 800 to 807
-35	4	5	-20	10	3	-34	3	cell = 808 to 815
-35	-2	-13	-21	-63	18	2	5	cell = 816 to 823
-16	15	-19	-34	-32	0	-11	-29	cell = 824 to 831
-33	1	-18	-13	-15	-22	-8	-3	cell = 832 to 839
7	13	-27	-26	-20	-16	-49	-25	cell = 840 to 847
-36	-70	-21	-5	-9	-61	-13	2	cell = 848 to 855
-9	1	-28	-13	12	6	-18	-32	cell = 856 to 863
19	2	21	-46	-16	-15	-5	-42	cell = 864 to 871
-9	0	-2	-11	-41	23	-19	-28	cell = 872 to 879
-56	8	2	-74	-39	-24	2	-14	cell = 880 to 887
-29	-39	-13	-18	-2	0	-17	-33	cell = 888 to 895
-34	-15	-2	-28	-8	-9	-43	-12	cell = 896 to 903
-42	-49	-2	8	-39	-30	-32	-30	cell = 904 to 911
-53	20	-29	-44	-28	21	-19	1	cell = 912 to 919
-67	-35	3	-67	-25	-13	7	1	cell = 920 to 927
-45	-18	-36	-26	4	-23	-29	2	cell = 928 to 935
-42	-8	-41	-6	-25	-53	-21	-8	cell = 936 to 943
13	4	-38	-25	-7	12	-9	-14	cell = 944 to 951
-84	-28	-52	-25	-29	-17	-42	-19	cell = 952 to 959
-25	-13	1	3	-41	-1	11	-2	cell = 960 to 967
0	-12	26	-1	-41	-8	-33	-61	cell = 968 to 975
-34	-17	-25	-28	-23	-2	-40	-23	cell = 976 to 983
5	-38	-26	-19	-39	-24	-15	-33	cell = 984 to 991
-16	-29	-39	-11	11	-22	-38	-28	cell = 992 to 999
-50	-12	-28	-5	-40	13	-1	-7	cell = 1000 to 1007
3	-8	-29	-36	-19	-22	-8	13	cell = 1008 to 1015
-33	-21	0	-36	-45	11	-48	-12	cell = 1016 to 1023
Calibration values from cell 0 to 1024 for channel 5:

-7	-1	28	-11	107	-6	70	0	cell = 0 to 7
14	31	36	6	53	-39	34	21	cell = 8 to 15
18	0	45	-31	33	-19	0	-20	cell = 16 to 23
26	-2	33	-3	56	17	57	-11	cell = 24 to 31
48	-3	53	2	50	10	53	11	cell = 32 to 39
53	11	33	21	17	3	34	-33	cell = 40 to 47
16	-52	25	4	83	3	50	9	cell = 48 to 55
48	4	36	-19	57	-9	41	-21	cell = 56 to 63
36	-15	53	14	34	-33	66	20	cell = 64 to 71
37	33	27	-18	55	-36	44	20	cell = 72 to 79
23	-9	51	-9	38	6	25	42	cell = 80 to 87
30	-39	44	-10	69	2	80	-7	cell = 88 to 95
49	2	49	3	68	-12	49	5	cell = 96 to 103
43	-5	55	-19	48	-31	18	-24	cell = 104 to 111
22	1	2	12	29	3	54	-30	cell = 112 to 119
42	-22	43	-9	51	7	44	-12	cell = 120 to 127
47	7	75	-3	66	-5	34	5	cell = 128 to 135
40	-18	15	-22	44	-19	68	-35	cell = 136 to 143
62	-59	57	-20	33	-33	0	-16	cell = 144 to 151
48	3	32	-9	18	2	18	23	cell = 152 to 159
65	-17	39	-35	96	-28	54	42	cell = 160 to 167
-4	0	37	-2	44	2	63	31	cell = 168 to 175
40	17	55	-19	41	-44	13	-32	cell = 176 to 183
63	17	19	-12	59	-50	64	-23	cell = 184 to 191
40	-27	88	-25	16	-29	25	-1	cell = 192 to 199
64	-4	69	-5	44	-17	13	23	cell = 200 to 207
46	5	22	-7	63	16	28	2	cell = 208 to 215
28	-37	29	-25	69	-7	48	14	cell = 216 to 223
35	-26	36	8	80	-16	13	-6	cell = 224 to 231
46	-27	32	-2	54	-33	28	-13	cell = 232 to 239
73	23	40	-22	39	-27	30	-15	cell = 240 to 247
33	-20	36	-22	56	-27	47	8	cell = 248 to 255
41	-23	41	-16	86	10	40	-14	cell = 256 to 263
65	-22	51	8	91	4	1	5	cell = 264 to 271
22	4	33	-1	29	-27	10	17	cell = 272 to 279
26	-12	20	15	67	-36	47	11	cell = 280 to 287
35	-24	23	14	40	-70	37	-8	cell = 288 to 295
67	-4	88	0	51	2	42	17	cell = 296 to 303
47	7	5	24	81	-31	24	47	cell = 304 to 311
60	-15	63	-44	-24	2	32	10	cell = 312 to 319
25	-26	48	-8	27	-39	17	-16	cell = 320 to 327
49	-5	71	28	55	-13	-5	-31	cell = 328 to 335
38	-6	22	11	49	-8	45	-5	cell = 336 to 343
3	-25	37	4	41	-31	44	-49	cell = 344 to 351
29	-6	57	-8	28	-21	23	1	cell = 352 to 359
26	-41	37	-35	78	-32	8	-37	cell = 360 to 367
58	0	40	-46	45	-12	48	23	cell = 368 to 375
13	-20	6	-13	52	6	2	3	cell = 376 to 383
56	16	-10	13	47	-15	44	-37	cell = 384 to 391
63	-34	44	-23	79	-36	4	16	cell = 392 to 399
51	-3	38	-50	46	-9	40	21	cell = 400 to 407
43	9	56	36	24	-4	41	5	cell = 408 to 415
-5	-33	29	-2	80	-32	60	-21	cell = 416 to 423
16	-7	28	0	46	-42	44	-25	cell = 424 to 431
31	-2	10	-35	44	-51	22	-43	cell = 432 to 439
53	-14	57	-53	43	-1	53	-19	cell = 440 to 447
31	-21	46	-11	44	9	40	15	cell = 448 to 455
-2	-6	55	62	31	-25	26	-17	cell = 456 to 463
37	-25	21	16	20	-32	33	-18	cell = 464 to 471
91	-66	40	-5	41	-31	21	0	cell = 472 to 479
41	2	71	-27	49	14	70	-16	cell = 480 to 487
50	-40	15	16	61	-30	59	8	cell = 488 to 495
69	-24	-17	-38	7	-57	-36	-83	cell = 496 to 503
55	18	42	22	30	-2	56	-1	cell = 504 to 511
-12	-53	-37	-43	-6	15	9	-47	cell = 512 to 519
-12	21	-24	-7	-12	6	-26	-31	cell = 520 to 527
-12	29	-9	-23	-45	2	11	6	cell = 528 to 535
-22	-30	-25	-32	-31	-21	0	15	cell = 536 to 543
15	10	-14	11	-34	-37	-25	-28	cell = 544 to 551
-16	0	-56	-32	-23	-3	-12	-16	cell = 552 to 559
15	5	0	2	9	-36	-28	-8	cell = 560 to 567
-54	-21	-48	-20	-25	-15	-12	-26	cell = 568 to 575
-29	-60	-36	-7	9	-13	-31	-17	cell = 576 to 583
-35	29	-32	-10	-18	-39	-34	-43	cell = 584 to 591
-53	32	-35	8	-16	1	-3	-30	cell = 592 to 599
-31	-38	-25	-42	-65	-16	-25	3	cell = 600 to 607
-53	-21	-32	28	-56	3	5	-25	cell = 608 to 615
-32	-9	0	-20	-15	48	-31	-22	cell = 616 to 623
-55	24	2	-39	-28	-23	7	-23	cell = 624 to 631
-13	-39	-4	21	-22	-22	3	-13	cell = 632 to 639
-20	-4	-37	1	-48	-6	-48	-14	cell = 640 to 647
-39	2	-61	-14	-3	-13	5	-30	cell = 648 to 655
-34	13	-48	1	-7	-14	18	-18	cell = 656 to 663
-55	15	-15	-41	-33	23	12	-5	cell = 664 to 671
-19	11	-20	-27	-41	-26	-53	-45	cell = 672 to 679
-6	-17	-13	-16	-44	-10	-43	3	cell = 680 to 687
-23	-6	-28	-30	-27	-12	7	-28	cell = 688 to 695
15	-37	-14	-29	-25	-4	16	-4	cell = 696 to 703
-32	-4	0	-34	-29	-13	-15	-19	cell = 704 to 711
-8	-6	1	-38	-34	-1	-19	-16	cell = 712 to 719
-32	5	-37	-9	-31	-22	-47	-5	cell = 720 to 727
-16	25	-49	-12	1	-3	10	27	cell = 728 to 735
25	20	-43	26	-8	12	-21	2	cell = 736 to 743
-26	-2	20	19	-27	-27	0	3	cell = 744 to 751
21	26	-13	0	-65	4	-41	-17	cell = 752 to 759
-39	-54	-14	18	16	3	45	1	cell = 760 to 767
4	7	-8	-21	-4	12	-40	-34	cell = 768 to 775
-8	-10	3	-34	-4	-32	5	-57	cell = 776 to 783
3	7	1	-20	-47	11	-33	-39	cell = 784 to 791
-49	3	-48	-27	-63	-24	6	-20	cell = 792 to 799
-15	5	-40	-24	-31	-30	-11	4	cell = 800 to 807
-40	-17	8	-32	-23	10	16	-7	cell = 808 to 815
12	-37	3	21	-13	-29	-15	23	cell = 816 to 823
-29	-2	-52	-7	-64	-2	-38	-8	cell = 824 to 831
-31	-14	9	3	0	-59	-42	-21	cell = 832 to 839
-33	-8	-26	-7	-10	32	5	-29	cell = 840 to 847
11	-25	19	17	-17	15	1	-19	cell = 848 to 855
-72	-29	-31	1	-29	-21	-24	-19	cell = 856 to 863
-9	-42	23	7	-20	4	-14	-1	cell = 864 to 871
-33	11	-23	-22	-36	-54	0	-63	cell = 872 to 879
-41	-4	9	-16	-51	-19	-17	15	cell = 880 to 887
-19	-10	-21	-8	21	25	-13	38	cell = 888 to 895
-12	-51	-45	-34	-69	-15	-24	-15	cell = 896 to 903
-21	-16	-52	-42	-4	4	-36	-24	cell = 904 to 911
-16	15	-9	-5	-24	11	-27	-48	cell = 912 to 919
-9	19	-25	-13	-42	-37	-10	-34	cell = 920 to 927
-48	-9	1	-1	-25	-13	22	-30	cell = 928 to 935
-45	-18	-22	-20	-18	26	-38	-16	cell = 936 to 943
4	13	-15	-31	-25	-57	15	14	cell = 944 to 951
-18	-10	-15	-31	-14	-20	1	-10	cell = 952 to 959
-18	-10	-16	-45	-17	56	20	-25	cell = 960 to 967
-13	-15	-27	-27	-21	-47	-9	-51	cell = 968 to 975
-39	34	-26	-1	-21	-10	-39	27	cell = 976 to 983
-6	17	-30	-44	1	2	-38	10	cell = 984 to 991
19	-39	-20	-34	-11	26	-8	-23	cell = 992 to 999
-24	-47	-8	-5	-13	-31	-25	-29	cell = 1000 to 1007
-6	-35	-31	9	-73	-6	-33	-43	cell = 1008 to 1015
-4	21	-54	-25	6	44	-61	0	cell = 1016 to 1023
Calibration values from cell 0 to 1024 for channel 6:

61	-23	7	-68	9	-33	62	8	cell = 0 to 7
29	-38	55	24	43	0	44	33	cell = 8 to 15
27	-19	81	-25	36	-1	56	-29	cell = 16 to 23
27	-54	75	-6	43	19	52	-19	cell = 24 to 31
0	-25	43	-26	43	-35	49	10	cell = 32 to 39
33	-27	28	-27	82	-14	64	33	cell = 40 to 47
72	-19	27	-8	13	18	57	-52	cell = 48 to 55
77	-13	-2	-3	56	-5	28	-40	cell = 56 to 63
19	-42	10	24	22	-6	34	-16	cell = 64 to 71
33	-23	66	-20	62	-14	42	11	cell = 72 to 79
27	-18	48	1	67	4	19	4	cell = 80 to 87
23	-6	41	-8	27	-6	35	13	cell = 88 to 95
60	-22	3	9	57	-41	68	14	cell = 96 to 103
79	-12	65	-18	42	15	58	0	cell = 104 to 111
35	-8	51	0	32	-15	45	37	cell = 112 to 119
53	8	28	-24	20	-19	-15	-24	cell = 120 to 127
29	1	68	-20	75	-33	33	6	cell = 128 to 135
57	10	65	-5	28	8	30	-15	cell = 136 to 143
42	-13	-9	13	60	-23	21	-26	cell = 144 to 151
46	11	29	-29	57	19	49	12	cell = 152 to 159
35	-11	23	-8	43	-24	39	-28	cell = 160 to 167
44	17	35	14	90	-34	14	14	cell = 168 to 175
51	-22	13	-3	28	-10	47	-12	cell = 176 to 183
35	-18	53	-6	62	-17	43	-44	cell = 184 to 191
33	-18	32	13	52	11	43	-16	cell = 192 to 199
87	-23	52	37	45	0	60	-20	cell = 200 to 207
64	-24	39	-17	29	-28	48	-52	cell = 208 to 215
72	-2	45	-40	29	8	44	-22	cell = 216 to 223
53	-6	51	-37	39	-13	34	-37	cell = 224 to 231
73	3	34	-4	61	1	40	-30	cell = 232 to 239
63	-7	17	32	49	-52	25	4	cell = 240 to 247
33	-23	44	-3	17	49	43	-6	cell = 248 to 255
57	-16	59	-37	57	7	32	6	cell = 256 to 263
3	-8	60	35	19	-24	61	-14	cell = 264 to 271
46	-25	46	22	19	-18	32	43	cell = 272 to 279
64	-19	23	6	79	-20	43	-17	cell = 280 to 287
41	23	39	-22	39	-33	26	43	cell = 288 to 295
36	-17	48	-32	22	-21	31	2	cell = 296 to 303
87	-5	34	-26	45	-18	43	23	cell = 304 to 311
38	-27	51	-26	19	-27	24	-10	cell = 312 to 319
37	-39	57	10	25	34	28	22	cell = 320 to 327
49	-33	17	6	5	-25	29	10	cell = 328 to 335
13	-6	28	-11	11	13	23	4	cell = 336 to 343
59	3	41	20	33	3	72	11	cell = 344 to 351
65	-8	29	-41	4	-29	45	21	cell = 352 to 359
52	23	90	-36	49	-12	26	15	cell = 360 to 367
41	4	46	17	26	1	-6	-31	cell = 368 to 375
22	16	49	-35	14	18	50	-7	cell = 376 to 383
57	-14	19	25	57	-25	20	-14	cell = 384 to 391
14	-37	44	-24	18	3	15	12	cell = 392 to 399
23	-55	82	4	82	-6	21	7	cell = 400 to 407
47	7	53	-18	32	-5	50	36	cell = 408 to 415
30	3	87	-14	56	2	24	1	cell = 416 to 423
79	-30	29	-4	28	-41	3	24	cell = 424 to 431
27	20	65	20	33	-38	48	-13	cell = 432 to 439
24	5	68	10	72	-44	73	14	cell = 440 to 447
43	-19	72	6	42	-19	34	-20	cell = 448 to 455
21	15	26	-22	32	-2	86	8	cell = 456 to 463
42	4	19	-14	27	-13	66	-30	cell = 464 to 471
52	-12	45	-6	19	-41	19	-23	cell = 472 to 479
40	-22	14	-10	63	-27	39	15	cell = 480 to 487
12	-38	20	7	46	-34	57	2	cell = 488 to 495
15	7	-5	-96	-25	-80	-39	-71	cell = 496 to 503
52	-9	26	-2	32	-5	-4	-1	cell = 504 to 511
-22	7	17	-10	-14	13	6	35	cell = 512 to 519
-8	-55	-53	-41	-1	-9	-27	-36	cell = 520 to 527
-35	13	-31	9	-8	-42	22	-5	cell = 528 to 535
-38	-24	15	-23	-19	2	9	-29	cell = 536 to 543
-13	-1	-15	-28	-71	-19	-25	-41	cell = 544 to 551
-32	-11	-32	-23	-19	-16	3	-20	cell = 552 to 559
-27	-11	-35	-31	-20	6	-17	-26	cell = 560 to 567
-54	-23	-25	5	-1	-28	-24	-13	cell = 568 to 575
-39	-9	-23	-24	-33	-28	-32	-42	cell = 576 to 583
15	-27	-5	-10	0	-49	27	6	cell = 584 to 591
-12	-12	1	14	5	-25	-6	-17	cell = 592 to 599
-15	18	-2	2	-6	-16	13	-22	cell = 600 to 607
-40	14	-21	0	-24	-17	-17	-22	cell = 608 to 615
-22	15	-27	-10	-27	8	-30	14	cell = 616 to 623
-18	-3	-5	0	-39	-41	-4	-51	cell = 624 to 631
-34	-47	-7	-47	-46	-14	-11	16	cell = 632 to 639
-15	-63	-11	-2	-35	-23	-8	-4	cell = 640 to 647
-14	-28	-9	-21	-2	-6	30	15	cell = 648 to 655
-5	22	-17	-43	-54	16	-18	14	cell = 656 to 663
-34	-2	-5	21	-18	-64	-19	16	cell = 664 to 671
-11	-4	-26	-8	-38	-5	-24	6	cell = 672 to 679
-23	-22	15	-33	-47	2	-18	-24	cell = 680 to 687
-13	-17	1	-27	6	9	-35	-9	cell = 688 to 695
-17	-3	-6	-23	-40	31	-26	18	cell = 696 to 703
-16	-7	12	-30	13	8	-42	-17	cell = 704 to 711
-14	21	10	-32	-54	-22	-20	-17	cell = 712 to 719
4	-9	-22	-4	-47	5	29	-7	cell = 720 to 727
-33	-15	-45	-24	-54	-10	-18	6	cell = 728 to 735
18	-18	-21	-35	-32	-11	-37	-51	cell = 736 to 743
-59	-4	4	-12	-26	10	5	8	cell = 744 to 751
-30	3	6	-22	-52	-19	17	-35	cell = 752 to 759
-44	-28	-25	-62	-3	-33	-31	28	cell = 760 to 767
-6	-46	-20	-25	-57	-41	-20	-58	cell = 768 to 775
-40	-34	6	-12	-56	-6	-19	-28	cell = 776 to 783
-38	20	-44	-2	-30	5	-2	6	cell = 784 to 791
2	-5	-6	-21	11	-8	-45	-50	cell = 792 to 799
-7	-17	-25	4	-34	-5	-8	24	cell = 800 to 807
-17	-6	-37	-6	-39	-8	49	-15	cell = 808 to 815
-18	38	25	-32	5	-24	-41	-22	cell = 816 to 823
-21	-28	-30	-46	-26	-33	-12	-20	cell = 824 to 831
1	4	-8	-25	-9	4	9	-25	cell = 832 to 839
-58	-25	-18	23	-26	-31	-9	5	cell = 840 to 847
-38	-14	-8	-15	25	-4	-14	-24	cell = 848 to 855
-7	-33	-2	-2	-3	-18	-12	5	cell = 856 to 863
-41	-33	22	0	-14	-8	-2	-44	cell = 864 to 871
-34	0	-6	-31	-26	0	-24	-24	cell = 872 to 879
-11	-15	-17	-36	-6	-4	-31	-21	cell = 880 to 887
-48	-5	10	4	-11	-31	-11	-29	cell = 888 to 895
-38	6	-15	-11	-16	-11	13	-3	cell = 896 to 903
4	36	2	-37	-26	0	42	-27	cell = 904 to 911
-4	-28	-32	18	-12	7	-39	-67	cell = 912 to 919
-28	3	23	-20	12	14	-7	1	cell = 920 to 927
-70	-18	-45	-38	-53	-27	-28	-13	cell = 928 to 935
-19	23	-8	-14	-21	17	28	-16	cell = 936 to 943
-14	-27	-25	-9	-55	-33	10	2	cell = 944 to 951
3	-21	-16	-1	17	-6	-46	-34	cell = 952 to 959
-35	-13	-15	-5	-32	-6	-4	-8	cell = 960 to 967
-29	-34	-28	-6	-43	-22	-37	1	cell = 968 to 975
-29	32	-48	-46	-24	0	-42	-49	cell = 976 to 983
8	-12	-31	-32	-9	7	8	19	cell = 984 to 991
-27	-36	-35	4	-59	-13	4	-22	cell = 992 to 999
-12	-2	-20	-41	-21	-13	-13	-8	cell = 1000 to 1007
-22	0	-26	-28	-38	-44	-31	-49	cell = 1008 to 1015
14	-11	26	-17	-51	-47	8	-43	cell = 1016 to 1023
Calibration values from cell 0 to 1024 for channel 7:

54	-19	59	11	31	-15	58	-34	cell = 0 to 7
31	18	51	-26	69	-9	21	-27	cell = 8 to 15
74	2	36	-24	33	-44	30	-15	cell = 16 to 23
14	-17	22	-13	46	-21	57	21	cell = 24 to 31
38	5	23	3	80	-4	37	4	cell = 32 to 39
73	-21	47	-32	39	3	40	-29	cell = 40 to 47
97	5	96	-10	15	-5	49	-12	cell = 48 to 55
29	-35	43	6	54	-12	-8	18	cell = 56 to 63
28	-40	33	-1	99	-20	22	1	cell = 64 to 71
95	-3	28	11	34	-8	54	-4	cell = 72 to 79
37	-24	56	-41	-13	-13	11	-7	cell = 80 to 87
33	-12	11	-52	42	-8	56	9	cell = 88 to 95
41	-15	2	-16	29	-13	32	-12	cell = 96 to 103
50	-16	30	-13	14	31	53	-16	cell = 104 to 111
17	-7	14	-10	65	-19	61	18	cell = 112 to 119
42	8	51	-18	9	13	70	32	cell = 120 to 127
41	-19	61	-21	20	-25	28	-13	cell = 128 to 135
7	13	60	15	42	-36	27	-28	cell = 136 to 143
38	-35	18	24	54	-27	55	30	cell = 144 to 151
59	-16	74	-38	41	11	68	7	cell = 152 to 159
51	-5	42	6	9	-17	20	10	cell = 160 to 167
23	-40	81	11	49	-30	34	8	cell = 168 to 175
40	-27	7	-22	36	-9	30	30	cell = 176 to 183
46	-11	37	-10	53	-51	39	24	cell = 184 to 191
29	-43	29	5	28	-19	26	-17	cell = 192 to 199
58	-31	11	8	69	-32	57	-8	cell = 200 to 207
59	-19	42	-2	49	-44	25	-15	cell = 208 to 215
56	-22	62	-28	44	-2	37	-42	cell = 216 to 223
19	1	39	-4	64	44	25	13	cell = 224 to 231
21	3	35	20	76	11	47	16	cell = 232 to 239
68	1	39	-9	24	19	57	-14	cell = 240 to 247
76	-35	51	-19	53	5	15	-42	cell = 248 to 255
52	-21	16	-5	25	-5	45	-9	cell = 256 to 263
37	31	33	27	1	12	48	-5	cell = 264 to 271
63	-21	52	9	53	-19	48	1	cell = 272 to 279
21	-3	28	-37	85	-16	31	23	cell = 280 to 287
44	-14	34	13	37	25	8	-10	cell = 288 to 295
51	9	41	-37	65	-19	50	-4	cell = 296 to 303
43	-16	40	-9	45	8	53	-6	cell = 304 to 311
60	-23	30	-25	42	45	63	13	cell = 312 to 319
25	-4	46	-15	16	-37	38	-21	cell = 320 to 327
16	5	48	-3	70	8	50	2	cell = 328 to 335
44	-15	32	-17	44	13	8	15	cell = 336 to 343
48	-20	47	-12	64	-35	37	-33	cell = 344 to 351
68	-14	59	-37	55	-25	22	-17	cell = 352 to 359
25	-7	40	-20	50	37	-2	18	cell = 360 to 367
34	2	30	-29	17	-5	57	-13	cell = 368 to 375
22	-23	85	-17	73	-39	32	40	cell = 376 to 383
37	-12	68	-29	59	9	25	-2	cell = 384 to 391
5	0	53	-17	7	-14	77	-8	cell = 392 to 399
40	-17	47	-33	46	-7	70	-9	cell = 400 to 407
-4	-6	17	6	34	16	45	-12	cell = 408 to 415
25	1	28	1	62	-3	35	12	cell = 416 to 423
53	-30	42	-20	54	-19	49	-26	cell = 424 to 431
20	-13	25	-35	35	-31	14	13	cell = 432 to 439
43	-34	28	-20	69	-16	31	-9	cell = 440 to 447
85	4	81	-15	58	-8	40	10	cell = 448 to 455
25	-9	18	-15	-12	17	49	-18	cell = 456 to 463
47	-15	67	-18	58	-33	32	-21	cell = 464 to 471
60	-2	66	2	34	-23	6	4	cell = 472 to 479
53	-18	70	14	30	-49	78	-26	cell = 480 to 487
19	0	49	-3	34	15	30	15	cell = 488 to 495
41	-20	-19	-84	-38	-74	-42	-113	cell = 496 to 503
53	-7	9	12	-1	-52	52	28	cell = 504 to 511
3	12	1	10	-6	-19	-40	-2	cell = 512 to 519
-46	-35	-13	-16	-43	-4	-27	9	cell = 520 to 527
-13	33	-13	-3	-62	-8	-17	-42	cell = 528 to 535
-22	-5	-11	-3	-24	-24	6	44	cell = 536 to 543
-30	-48	-9	2	-12	12	24	-23	cell = 544 to 551
-13	16	0	-10	-52	-31	-23	-10	cell = 552 to 559
-68	11	-44	-48	-61	-16	-4	-88	cell = 560 to 567
-43	-30	-12	-28	-28	-10	-14	30	cell = 568 to 575
-45	24	-10	27	5	-56	26	-15	cell = 576 to 583
18	-12	8	3	-14	-21	-52	-25	cell = 584 to 591
-45	-1	-13	-23	-18	11	-2	-44	cell = 592 to 599
-12	22	-17	-19	-27	9	-42	-10	cell = 600 to 607
-36	2	-15	-4	-23	-13	6	-20	cell = 608 to 615
-72	-6	-22	33	-23	-16	-10	14	cell = 616 to 623
-13	-25	-38	-46	-16	-43	0	-41	cell = 624 to 631
-43	-49	-11	-33	-27	-27	19	-56	cell = 632 to 639
-41	-19	3	-13	-23	-5	-10	-19	cell = 640 to 647
-47	-59	-39	-37	-4	-13	-8	49	cell = 648 to 655
-40	28	12	-32	-22	4	-5	18	cell = 656 to 663
-1	-49	-63	-36	-21	-26	-9	11	cell = 664 to 671
-54	19	-9	-30	-7	-12	1	10	cell = 672 to 679
-39	-23	-35	-46	-26	3	8	-43	cell = 680 to 687
-82	-25	-26	9	-34	-13	-22	-15	cell = 688 to 695
-51	11	-71	-7	-20	29	-41	-46	cell = 696 to 703
-24	11	-18	-4	-6	11	5	2	cell = 704 to 711
-46	-42	-32	-28	-11	19	7	22	cell = 712 to 719
-21	-29	1	-5	-21	0	-28	-39	cell = 720 to 727
-61	-16	3	-23	-21	-3	-20	-44	cell = 728 to 735
-40	-14	-2	-46	-54	0	-17	-50	cell = 736 to 743
-27	-20	9	-28	-45	-15	-59	-58	cell = 744 to 751
-50	13	7	-13	-34	-9	-7	-8	cell = 752 to 759
-19	-35	-9	-18	-64	5	24	-6	cell = 760 to 767
-41	-24	-5	-33	-16	-9	-25	-32	cell = 768 to 775
3	-6	9	-49	-2	19	-53	-27	cell = 776 to 783
13	14	6	9	-57	-33	-34	12	cell = 784 to 791
6	-14	1	-10	-47	-16	-35	-20	cell = 792 to 799
-11	-5	-22	-8	-21	-19	17	-34	cell = 800 to 807
-8	-7	21	-3	0	-15	-22	2	cell = 808 to 815
-25	3	-7	-5	14	-5	4	6	cell = 816 to 823
-26	-14	-33	-39	-17	5	28	-32	cell = 824 to 831
10	-19	-36	-12	-9	-39	-17	-54	cell = 832 to 839
-42	0	-12	-15	-33	0	6	25	cell = 840 to 847
11	-7	11	0	-11	18	-9	-32	cell = 848 to 855
-10	-17	-33	14	-13	-26	-22	-23	cell = 856 to 863
-14	9	7	-3	11	3	-22	-22	cell = 864 to 871
-30	-27	-60	-49	-44	-11	15	-17	cell = 872 to 879
-30	-44	-3	-8	-37	23	-5	55	cell = 880 to 887
-23	-7	-2	-17	-21	8	-7	-3	cell = 888 to 895
-42	-26	-22	-9	-7	3	-55	-19	cell = 896 to 903
-28	16	14	-13	-10	-19	-11	-39	cell = 904 to 911
-24	-55	-23	-4	9	-9	-3	4	cell = 912 to 919
-19	-12	-8	-12	8	-42	2	-49	cell = 920 to 927
-32	-8	10	37	-40	-51	-21	-1	cell = 928 to 935
-46	-18	-39	-22	-21	-9	-41	-16	cell = 936 to 943
-8	-26	-15	-1	12	-27	-41	11	cell = 944 to 951
8	-25	-10	-40	-30	-6	16	7	cell = 952 to 959
-42	5	30	-43	-35	13	-27	-21	cell = 960 to 967
-13	-18	-33	-57	28	0	-15	-14	cell = 968 to 975
-15	-3	-7	-27	10	-33	-28	5	cell = 976 to 983
14	2	-46	-12	-15	34	3	-9	cell = 984 to 991
5	6	-1	-17	-28	0	-3	-48	cell = 992 to 999
-68	-2	-10	-16	-31	36	-10	-11	cell = 1000 to 1007
-19	-34	-11	22	-43	-44	-2	1	cell = 1008 to 1015
-47	-8	2	-27	-40	-17	11	-10	cell = 1016 to 1023
Calibration values from cell 0 to 1024 for channel 8:

87	26	57	12	57	0	52	-22	cell = 0 to 7
28	-49	32	-23	34	-16	67	-26	cell = 8 to 15
26	-10	51	2	55	-16	44	30	cell = 16 to 23
30	-3	38	0	25	-13	57	9	cell = 24 to 31
56	1	45	4	57	13	78	4	cell = 32 to 39
84	-36	78	-52	68	-17	52	-38	cell = 40 to 47
42	-2	77	2	51	-8	49	17	cell = 48 to 55
46	-16	2	19	37	16	12	-20	cell = 56 to 63
51	0	8	-4	36	-1	53	-4	cell = 64 to 71
10	7	33	12	66	20	37	5	cell = 72 to 79
29	-10	72	-12	91	-4	51	13	cell = 80 to 87
63	-8	62	-7	45	-14	60	-40	cell = 88 to 95
31	-2	58	6	52	-37	29	-32	cell = 96 to 103
48	-36	71	-9	33	-31	68	-15	cell = 104 to 111
54	24	58	29	39	17	72	-10	cell = 112 to 119
42	-4	43	-21	54	-22	39	-41	cell = 120 to 127
66	-12	22	-1	49	12	32	-8	cell = 128 to 135
53	2	72	-22	45	-64	71	-3	cell = 136 to 143
60	-17	50	-10	73	-22	63	-7	cell = 144 to 151
64	9	53	5	24	-11	15	33	cell = 152 to 159
41	5	50	-9	86	20	52	-25	cell = 160 to 167
71	0	59	-8	69	18	58	-3	cell = 168 to 175
43	-67	80	10	57	4	8	-20	cell = 176 to 183
97	22	73	38	29	5	56	30	cell = 184 to 191
55	-34	24	10	73	-16	20	-11	cell = 192 to 199
51	-21	26	35	40	-35	22	-4	cell = 200 to 207
50	28	15	2	34	-11	45	-37	cell = 208 to 215
62	16	74	-19	61	0	1	9	cell = 216 to 223
54	-25	39	1	39	-14	55	12	cell = 224 to 231
21	-35	49	-4	69	5	52	3	cell = 232 to 239
41	-17	22	-15	41	-29	49	3	cell = 240 to 247
49	4	46	6	40	14	37	-24	cell = 248 to 255
52	-57	36	-40	44	-42	49	30	cell = 256 to 263
34	11	18	-11	46	-8	55	15	cell = 264 to 271
42	-8	41	11	34	-22	12	27	cell = 272 to 279
21	-41	73	3	49	-39	24	13	cell = 280 to 287
62	-20	75	-36	40	0	38	-8	cell = 288 to 295
34	-28	12	-29	38	23	66	5	cell = 296 to 303
71	-37	41	-19	22	-4	28	-37	cell = 304 to 311
31	-32	48	10	4	-47	17	-15	cell = 312 to 319
18	-7	54	-15	39	-14	30	5	cell = 320 to 327
11	-64	58	-9	45	3	55	31	cell = 328 to 335
16	-39	68	-20	43	16	47	-31	cell = 336 to 343
52	-3	49	-28	39	-33	28	2	cell = 344 to 351
38	-14	-6	-11	30	-17	46	-32	cell = 352 to 359
15	-37	51	-9	44	-4	51	-25	cell = 360 to 367
58	-16	-12	-8	17	24	25	-22	cell = 368 to 375
51	-36	45	-11	51	-12	11	-27	cell = 376 to 383
62	-33	47	-10	46	4	33	22	cell = 384 to 391
37	-20	43	-38	62	-42	36	40	cell = 392 to 399
35	5	45	6	69	27	72	-44	cell = 400 to 407
68	5	46	21	28	-27	50	-12	cell = 408 to 415
16	3	46	-9	34	-14	26	-8	cell = 416 to 423
65	-41	52	10	97	-6	52	6	cell = 424 to 431
53	-11	83	-3	17	-12	43	6	cell = 432 to 439
51	-19	59	0	60	-5	36	0	cell = 440 to 447
33	-8	13	-38	67	13	17	29	cell = 448 to 455
49	-13	60	-1	19	-7	55	-13	cell = 456 to 463
42	19	36	-13	63	10	40	24	cell = 464 to 471
53	-2	23	-8	46	-55	14	13	cell = 472 to 479
39	8	48	-51	34	-10	32	13	cell = 480 to 487
52	-22	59	6	47	-31	20	-32	cell = 488 to 495
32	-9	-37	-58	-41	-75	49	-82	cell = 496 to 503
46	17	19	-50	51	-15	51	-11	cell = 504 to 511
-15	-3	-12	14	-44	8	-22	-15	cell = 512 to 519
-19	-43	-17	-23	-23	-48	-19	9	cell = 520 to 527
-54	-4	0	-43	-30	-20	-44	14	cell = 528 to 535
-17	10	-51	-5	-11	21	-4	10	cell = 536 to 543
-18	-13	-37	-10	-19	32	-32	-36	cell = 544 to 551
-44	25	0	-54	-47	-29	-25	-14	cell = 552 to 559
-45	-5	-15	-4	-35	-20	-26	-4	cell = 560 to 567
-36	4	-21	-17	-26	20	5	-12	cell = 568 to 575
-45	-8	-16	16	-21	-29	4	-30	cell = 576 to 583
-48	-44	-10	-14	-29	-16	-42	-17	cell = 584 to 591
-28	-51	6	-13	-53	-6	-27	-60	cell = 592 to 599
-14	-1	-28	-23	-41	-33	13	-20	cell = 600 to 607
-23	18	7	-50	16	-22	-19	-4	cell = 608 to 615
6	-17	-12	-15	-27	-9	-55	8	cell = 616 to 623
-35	2	-18	-56	-9	-80	-31	5	cell = 624 to 631
-53	-33	-11	-8	-39	-32	6	-36	cell = 632 to 639
-2	-28	-14	10	-6	0	-21	-65	cell = 640 to 647
-26	-27	-36	-39	-40	-9	-26	-40	cell = 648 to 655
-44	-58	-10	-38	16	10	2	-42	cell = 656 to 663
-24	-27	-39	-34	-28	-24	-48	-37	cell = 664 to 671
-32	-14	-13	-32	-27	16	-48	-18	cell = 672 to 679
15	-32	-11	-3	25	13	-11	-32	cell = 680 to 687
-56	-46	-6	-33	-1	-7	16	-6	cell = 688 to 695
-42	-15	-40	-4	-26	12	-29	-21	cell = 696 to 703
-69	-56	-9	9	31	-31	-4	-24	cell = 704 to 711
-7	-19	-48	-8	-44	16	-12	-35	cell = 712 to 719
-17	-6	-7	24	-17	-28	-42	-44	cell = 720 to 727
-7	-6	-58	-45	-9	-27	-34	-13	cell = 728 to 735
-27	-13	-20	-24	2	-43	-18	-50	cell = 736 to 743
-33	1	-19	-35	-11	-22	-40	1	cell = 744 to 751
-15	1	-7	-8	-38	7	-25	9	cell = 752 to 759
1	0	-35	1	-40	-1	-6	-7	cell = 760 to 767
-52	-24	-3	-32	11	-14	-19	-49	cell = 768 to 775
-1	-4	-5	-20	-21	-26	-14	-8	cell = 776 to 783
-11	-25	-14	-17	-38	-51	-29	-73	cell = 784 to 791
-17	21	-18	-24	6	14	-15	-10	cell = 792 to 799
-42	34	-20	-50	4	-10	-6	-38	cell = 800 to 807
6	-2	-23	-13	2	-28	-3	-29	cell = 808 to 815
22	-25	-31	-7	-27	-15	-8	-26	cell = 816 to 823
21	13	-17	-4	-18	-34	-21	-29	cell = 824 to 831
27	11	-10	-59	-13	-66	-41	-16	cell = 832 to 839
-26	-31	8	6	-17	-19	-12	-43	cell = 840 to 847
19	16	-10	20	-11	-4	-15	-22	cell = 848 to 855
20	15	-11	7	-26	-37	29	0	cell = 856 to 863
-52	-33	26	3	-38	-48	25	-44	cell = 864 to 871
-17	-30	-23	-4	-43	-16	-4	-8	cell = 872 to 879
-32	-22	8	14	27	28	-15	-24	cell = 880 to 887
-18	-29	-12	-34	-8	-10	-45	-33	cell = 888 to 895
-33	-37	-3	-15	45	-4	-35	-10	cell = 896 to 903
-29	7	7	-46	-37	-4	-3	-48	cell = 904 to 911
-4	4	8	-5	-9	-1	-3	-21	cell = 912 to 919
-19	-5	-17	16	-7	-29	10	-42	cell = 920 to 927
-50	-20	-29	-5	-36	-4	-4	-21	cell = 928 to 935
-15	-9	-45	-21	19	7	17	21	cell = 936 to 943
-11	-2	-19	18	5	-18	19	-61	cell = 944 to 951
-33	26	-39	-57	-35	-4	-2	-20	cell = 952 to 959
-41	3	-10	7	-17	-17	-5	-53	cell = 960 to 967
-1	-5	-28	-30	-40	-42	-24	7	cell = 968 to 975
-34	-6	22	-5	-32	-42	-19	-22	cell = 976 to 983
-18	-22	-18	-61	-43	-46	-49	-41	cell = 984 to 991
-16	-27	-38	-6	-38	-15	-34	-37	cell = 992 to 999
-14	-15	-15	7	-35	-14	2	-24	cell = 1000 to 1007
-11	-22	23	-41	-47	-38	-10	-3	cell = 1008 to 1015
-22	-55	-51	-12	-63	2	-25	-12	cell = 1016 to 1023
